4 0.12734375 0.1296875 0.1734375 0.228125
4 0.87578125 0.3765625 0.1734375 0.2390625
4 0.1234375 0.63125 0.18125 0.23125
2 0.3765625 0.11875 0.1953125 0.2265625
2 0.61640625 0.1296875 0.1921875 0.2125
2 0.6265625 0.371875 0.184375 0.228125
2 0.62734375 0.625 0.1703125 0.2390625
2 0.1234375 0.87734375 0.18125 0.2140625
2 0.62109375 0.8796875 0.2015625 0.240625
2 0.871875 0.884375 0.1765625 0.21875
5 0.878125 0.121875 0.1875 0.23125
4 0.37734375 0.3703125 0.2015625 0.228125
6 0.1234375 0.3796875 0.209375 0.228125
6 0.3765625 0.621875 0.2203125 0.23125
6 0.8796875 0.63125 0.209375 0.2265625
6 0.3703125 0.8828125 0.2078125 0.2265625