4 0.89140625 0.15 0.184375 0.2375
4 0.13125 0.35703125 0.1859375 0.2484375
4 0.86953125 0.65078125 0.19375 0.240625
2 0.64296875 0.12578125 0.20625 0.2359375
2 0.403125 0.12421875 0.203125 0.221875
2 0.38046875 0.365625 0.1953125 0.2375
2 0.36640625 0.61796875 0.1828125 0.246875
2 0.85546875 0.8921875 0.1921875 0.215625
2 0.359375 0.87265625 0.2140625 0.2515625
2 0.10859375 0.8640625 0.1875 0.228125
5 0.1421875 0.1109375 0.2 0.221875
4 0.62890625 0.3765625 0.2125 0.2390625
6 0.88203125 0.39921875 0.2203125 0.2390625
6 0.6171875 0.628125 0.2328125 0.2421875
6 0.1140625 0.6109375 0.2203125 0.2375
6 0.609375 0.88515625 0.21875 0.2296875