4 0.91953125 0.76953125 0.1609375 0.2640625
4 0.165625 0.7109375 0.2265625 0.2734375
4 0.83359375 0.28125 0.23125 0.26875
2 0.71171875 0.83984375 0.24375 0.2671875
2 0.4765625 0.88046875 0.2375 0.2390625
2 0.4078125 0.6546875 0.234375 0.265625
2 0.34609375 0.409375 0.2234375 0.2734375
2 0.7734375 0.084375 0.228125 0.16875
2 0.290625 0.1609375 0.253125 0.2828125
2 0.07890625 0.21640625 0.1578125 0.2546875
5 0.2234375 0.91171875 0.2375 0.1765625
4 0.65 0.59609375 0.25 0.2703125
6 0.8828125 0.525 0.234375 0.271875
6 0.590625 0.3515625 0.2703125 0.278125
6 0.1140625 0.46484375 0.228125 0.2703125
6 0.5328125 0.115625 0.25625 0.23125