4 0.08359375 0.784375 0.1671875 0.259375
4 0.8421875 0.6984375 0.21875 0.2703125
4 0.15859375 0.29296875 0.225 0.2640625
2 0.30078125 0.846875 0.2375 0.2625
2 0.53671875 0.88125 0.2328125 0.2375
2 0.596875 0.6515625 0.228125 0.2609375
2 0.65078125 0.403125 0.215625 0.26875
2 0.209375 0.0875 0.221875 0.175
2 0.69765625 0.15390625 0.246875 0.2765625
2 0.9171875 0.2015625 0.165625 0.25
5 0.790625 0.9078125 0.23125 0.184375
4 0.353125 0.6015625 0.2453125 0.265625
6 0.11640625 0.53828125 0.2328125 0.2671875
6 0.40546875 0.35546875 0.2640625 0.271875
6 0.88671875 0.45 0.2265625 0.265625
6 0.453125 0.11484375 0.25 0.2296875