4 0.08203125 0.77734375 0.1640625 0.2609375
4 0.83828125 0.70390625 0.2234375 0.271875
4 0.1625 0.2875 0.228125 0.265625
2 0.29453125 0.84296875 0.240625 0.2640625
2 0.5296875 0.88046875 0.234375 0.2390625
2 0.59453125 0.653125 0.23125 0.2640625
2 0.65234375 0.40625 0.2203125 0.271875
2 0.2171875 0.0859375 0.225 0.171875
2 0.703125 0.15703125 0.25 0.2796875
2 0.91875 0.209375 0.1625 0.253125
5 0.7828125 0.909375 0.234375 0.18125
4 0.3515625 0.5984375 0.2484375 0.2671875
6 0.11640625 0.5328125 0.2328125 0.26875
6 0.4078125 0.35390625 0.2671875 0.275
6 0.8859375 0.45703125 0.228125 0.2671875
6 0.4609375 0.11484375 0.253125 0.2296875