6 0.12890625 0.1265625 0.2046875 0.221875
4 0.37265625 0.13359375 0.2046875 0.2328125
5 0.6234375 0.121875 0.221875 0.2390625
4 0.8703125 0.121875 0.2265625 0.228125
7 0.1234375 0.38203125 0.196875 0.2453125
2 0.37265625 0.3796875 0.2140625 0.24375
5 0.621875 0.375 0.1953125 0.21875
6 0.8875 0.37734375 0.2078125 0.2234375
2 0.1328125 0.6265625 0.23125 0.2265625
5 0.37109375 0.63046875 0.2046875 0.2359375
7 0.6234375 0.634375 0.24375 0.2125
4 0.884375 0.63046875 0.2265625 0.2359375
4 0.12109375 0.88203125 0.2046875 0.2359375
2 0.3734375 0.890625 0.21875 0.21875
5 0.603125 0.8859375 0.159375 0.228125
6 0.88828125 0.88359375 0.2140625 0.2328125