6 0.81484375 0.1015625 0.2328125 0.203125
4 0.575 0.12421875 0.234375 0.2484375
5 0.325 0.14296875 0.253125 0.2671875
4 0.10390625 0.17734375 0.2078125 0.2578125
7 0.85625 0.33046875 0.2296875 0.2703125
2 0.609375 0.36328125 0.2453125 0.271875
5 0.36171875 0.39296875 0.2234375 0.24375
6 0.10859375 0.4328125 0.2171875 0.25
2 0.875 0.5734375 0.25 0.25625
5 0.64609375 0.6109375 0.2359375 0.2625
7 0.39609375 0.65 0.2703125 0.24375
4 0.1375 0.6828125 0.2578125 0.265625
4 0.9046875 0.825 0.190625 0.2625
2 0.6796875 0.86953125 0.246875 0.246875
5 0.45078125 0.8859375 0.1890625 0.228125
6 0.16875 0.9015625 0.24375 0.196875