6 0.1046875 0.16015625 0.209375 0.2390625
4 0.34140625 0.14609375 0.2234375 0.25
5 0.58984375 0.1203125 0.2421875 0.240625
4 0.83515625 0.10703125 0.2453125 0.2140625
7 0.11484375 0.415625 0.2171875 0.2609375
2 0.3625 0.39140625 0.234375 0.2609375
5 0.61015625 0.36484375 0.2140625 0.234375
6 0.875 0.34375 0.2265625 0.240625
2 0.1453125 0.6578125 0.25 0.2453125
5 0.3828125 0.64140625 0.225 0.253125
7 0.634375 0.6234375 0.2609375 0.2328125
4 0.88515625 0.59609375 0.2296875 0.2546875
4 0.1546875 0.89296875 0.225 0.2140625
2 0.4078125 0.890625 0.2375 0.21875
5 0.63671875 0.87578125 0.178125 0.240625
6 0.9015625 0.8484375 0.196875 0.25