2 0.1359375 0.8765625 0.1921875 0.23125
2 0.88203125 0.86953125 0.190625 0.2421875
2 0.13359375 0.6265625 0.2328125 0.2328125
2 0.13203125 0.3703125 0.221875 0.225
7 0.3796875 0.878125 0.1953125 0.2390625
7 0.61796875 0.365625 0.1875 0.2265625
7 0.61171875 0.11484375 0.203125 0.225
6 0.62265625 0.86953125 0.1984375 0.225
6 0.88046875 0.609375 0.2265625 0.23125
6 0.11484375 0.1296875 0.20625 0.2296875
6 0.875 0.3640625 0.1890625 0.215625
4 0.37265625 0.628125 0.2265625 0.2390625
4 0.371875 0.3734375 0.1734375 0.2265625
4 0.3703125 0.1203125 0.18125 0.2296875
5 0.63046875 0.62578125 0.1890625 0.23125
5 0.86875 0.115625 0.18125 0.23125