2 0.084375 0.76953125 0.16875 0.2671875
2 0.7734375 0.90859375 0.2375 0.1828125
2 0.12578125 0.52734375 0.2515625 0.2765625
2 0.178125 0.2796875 0.265625 0.26875
7 0.2859375 0.834375 0.2421875 0.275
7 0.6484375 0.40078125 0.2328125 0.2609375
7 0.7078125 0.15703125 0.2484375 0.2640625
6 0.521875 0.87890625 0.24375 0.2421875
6 0.8390625 0.70390625 0.2703125 0.275
6 0.2234375 0.08828125 0.25 0.1765625
6 0.890625 0.46484375 0.21875 0.2515625
4 0.34375 0.590625 0.271875 0.2828125
4 0.409375 0.34453125 0.21875 0.2578125
4 0.47265625 0.115625 0.2265625 0.23125
5 0.59296875 0.65546875 0.234375 0.265625
5 0.92109375 0.221875 0.1578125 0.26875