5 0.77421875 0.090625 0.2453125 0.18125
5 0.165625 0.71015625 0.2578125 0.2703125
5 0.46484375 0.87890625 0.2484375 0.2421875
5 0.65 0.59453125 0.2390625 0.2734375
5 0.403125 0.65 0.24375 0.2734375
7 0.54921875 0.11953125 0.2203125 0.2390625
7 0.115625 0.465625 0.23125 0.25625
7 0.88671875 0.54296875 0.2265625 0.2515625
2 0.2921875 0.16953125 0.221875 0.2515625
2 0.91875 0.7859375 0.1625 0.25625
4 0.0890625 0.2203125 0.178125 0.2625
4 0.3515625 0.4125 0.228125 0.2625
4 0.2328125 0.9109375 0.228125 0.178125
6 0.8375 0.29609375 0.2234375 0.2578125
6 0.5953125 0.3578125 0.2171875 0.2640625
6 0.70625 0.8453125 0.2234375 0.2609375