5 0.13203125 0.1265625 0.2015625 0.2171875
5 0.8734375 0.6296875 0.2125 0.228125
5 0.62265625 0.87578125 0.2015625 0.2328125
5 0.375 0.62578125 0.190625 0.2359375
5 0.628125 0.62421875 0.1953125 0.2359375
7 0.365625 0.1375 0.1765625 0.2125
7 0.8703125 0.3796875 0.1953125 0.2171875
7 0.13125 0.6296875 0.1859375 0.215625
2 0.628125 0.13125 0.178125 0.2171875
2 0.1265625 0.8796875 0.1765625 0.221875
4 0.86875 0.12890625 0.196875 0.2234375
4 0.625 0.38125 0.18125 0.228125
4 0.8625 0.88359375 0.1796875 0.2328125
6 0.125 0.37734375 0.178125 0.2234375
6 0.375 0.3828125 0.16875 0.23125
6 0.3765625 0.8828125 0.1765625 0.2265625