7 0.89296875 0.1921875 0.2140625 0.25
4 0.671875 0.14140625 0.234375 0.23125
6 0.4234375 0.12734375 0.259375 0.2546875
5 0.16640625 0.103125 0.2453125 0.20625
2 0.8765625 0.42734375 0.246875 0.2671875
5 0.6453125 0.40078125 0.2421875 0.2578125
4 0.39765625 0.3734375 0.2265625 0.265625
6 0.1515625 0.3171875 0.228125 0.2421875
2 0.8546875 0.6828125 0.2515625 0.2609375
7 0.6203125 0.64140625 0.228125 0.265625
6 0.35859375 0.60625 0.2484375 0.25625
7 0.11015625 0.571875 0.2203125 0.25625
2 0.82578125 0.89375 0.2578125 0.2125
2 0.59375 0.87578125 0.221875 0.2484375
7 0.3265625 0.8546875 0.2375 0.275
2 0.10390625 0.8265625 0.2078125 0.265625