7 0.125 0.1375 0.24375 0.21875
4 0.3796875 0.12109375 0.2078125 0.2046875
6 0.628125 0.134375 0.228125 0.2390625
5 0.88984375 0.1234375 0.2140625 0.240625
2 0.12734375 0.37421875 0.2359375 0.2359375
5 0.3703125 0.38125 0.2125 0.23125
4 0.61875 0.3890625 0.1953125 0.240625
6 0.8703125 0.3671875 0.2 0.2171875
2 0.1234375 0.63203125 0.221875 0.2328125
7 0.3609375 0.6234375 0.196875 0.240625
6 0.625 0.625 0.21875 0.228125
7 0.878125 0.6265625 0.196875 0.23125
2 0.11875 0.87109375 0.2265625 0.2359375
2 0.353125 0.8734375 0.1890625 0.253125
7 0.62265625 0.87578125 0.2046875 0.2484375
2 0.871875 0.88203125 0.2265625 0.2359375