7 0.19375 0.103125 0.278125 0.20625
4 0.446875 0.1125 0.240625 0.225
6 0.68984375 0.1625 0.265625 0.275
5 0.9109375 0.19609375 0.178125 0.2734375
2 0.1546875 0.31171875 0.2734375 0.2734375
5 0.39296875 0.36015625 0.25 0.2640625
4 0.6359375 0.41171875 0.234375 0.2703125
6 0.88515625 0.43359375 0.2296875 0.2484375
2 0.11796875 0.56484375 0.2359375 0.2671875
7 0.34140625 0.59765625 0.2359375 0.271875
6 0.6015625 0.64453125 0.2546875 0.2625
7 0.85078125 0.690625 0.234375 0.2625
2 0.09609375 0.7984375 0.1921875 0.271875
2 0.290625 0.8421875 0.2296875 0.2828125
7 0.55546875 0.87578125 0.2453125 0.2484375
2 0.79921875 0.90234375 0.2640625 0.1953125