5 0.18046875 0.10234375 0.2265625 0.2046875
5 0.8546875 0.67421875 0.2390625 0.2515625
5 0.575 0.8796875 0.228125 0.240625
5 0.3609375 0.609375 0.2171875 0.2578125
5 0.61171875 0.6390625 0.221875 0.2578125
7 0.4109375 0.1234375 0.2015625 0.2328125
7 0.88203125 0.42578125 0.2203125 0.2390625
7 0.11796875 0.58359375 0.2109375 0.2359375
2 0.671875 0.15 0.203125 0.2375
2 0.09140625 0.83046875 0.1828125 0.2421875
4 0.9 0.17578125 0.2 0.2453125
4 0.63828125 0.39765625 0.2078125 0.2484375
4 0.8125 0.89921875 0.20625 0.2015625
6 0.14296875 0.3328125 0.2046875 0.24375
6 0.38984375 0.36875 0.1953125 0.25
6 0.33046875 0.86484375 0.203125 0.246875