2 0.1890625 0.89296875 0.2625 0.2140625
2 0.4296875 0.878125 0.240625 0.24375
5 0.671875 0.8390625 0.2140625 0.240625
4 0.91328125 0.8125 0.1734375 0.24375
4 0.1453125 0.678125 0.24375 0.2703125
5 0.396875 0.6359375 0.240625 0.253125
7 0.6359375 0.6 0.2609375 0.2609375
6 0.890625 0.55703125 0.2140625 0.246875
5 0.11640625 0.43046875 0.2328125 0.2578125
5 0.34765625 0.39765625 0.24375 0.2734375
5 0.6015625 0.35546875 0.271875 0.28125
2 0.8484375 0.31953125 0.2375 0.275
6 0.1 0.1875 0.2 0.26875
5 0.3140625 0.1453125 0.253125 0.271875
5 0.55 0.12265625 0.234375 0.2453125
2 0.81171875 0.1 0.2359375 0.2