2 0.196875 0.1046875 0.265625 0.209375
2 0.4359375 0.121875 0.24375 0.24375
5 0.67734375 0.1640625 0.2171875 0.2421875
4 0.91484375 0.1953125 0.1703125 0.246875
4 0.1484375 0.315625 0.2484375 0.2734375
5 0.39921875 0.3625 0.24375 0.25625
7 0.6375 0.40234375 0.2640625 0.2640625
6 0.89140625 0.45 0.2171875 0.25
5 0.11640625 0.56171875 0.2328125 0.2609375
5 0.34609375 0.6 0.246875 0.2765625
5 0.5984375 0.64609375 0.275 0.284375
2 0.8453125 0.6859375 0.240625 0.278125
6 0.0984375 0.80390625 0.196875 0.2734375
5 0.3078125 0.8515625 0.2578125 0.275
5 0.5421875 0.8765625 0.2375 0.246875
2 0.80390625 0.9015625 0.2390625 0.196875