5 0.8171875 0.1015625 0.215625 0.203125
5 0.096875 0.1875 0.19375 0.24375
5 0.125 0.43359375 0.20625 0.2453125
5 0.64453125 0.60703125 0.2109375 0.25
5 0.15 0.6765625 0.2234375 0.2609375
5 0.190625 0.90390625 0.2125 0.1921875
7 0.58125 0.11640625 0.2046875 0.23125
7 0.85546875 0.33125 0.221875 0.2515625
7 0.671875 0.8609375 0.2078125 0.253125
6 0.3171875 0.14921875 0.2125 0.25
6 0.6125 0.3671875 0.246875 0.240625
6 0.359375 0.4046875 0.1890625 0.2296875
6 0.428125 0.88515625 0.225 0.2296875
2 0.89140625 0.58125 0.2109375 0.246875
2 0.91328125 0.81875 0.1734375 0.240625
4 0.39765625 0.6390625 0.2203125 0.246875