5 0.146875 0.88671875 0.196875 0.2265625
5 0.8921875 0.846875 0.215625 0.228125
5 0.8671875 0.59921875 0.1875 0.2328125
5 0.365625 0.38125 0.1921875 0.2359375
5 0.8640625 0.3546875 0.2046875 0.2453125
5 0.8453125 0.10625 0.19375 0.2125
7 0.3859375 0.875 0.1875 0.21875
7 0.13125 0.6375 0.203125 0.2359375
7 0.36015625 0.12578125 0.190625 0.240625
6 0.6515625 0.865625 0.19375 0.2359375
6 0.3765625 0.621875 0.2296875 0.2234375
6 0.63125 0.60703125 0.171875 0.2171875
6 0.6046875 0.11484375 0.20625 0.2296875
2 0.1171875 0.384375 0.1921875 0.2328125
2 0.10234375 0.1453125 0.184375 0.228125
4 0.6140625 0.3703125 0.2015625 0.23125