6 0.12265625 0.1234375 0.2046875 0.246875
4 0.378125 0.1234375 0.165625 0.240625
4 0.63046875 0.1203125 0.1921875 0.2390625
2 0.8859375 0.1296875 0.1640625 0.23125
4 0.1296875 0.3796875 0.221875 0.2484375
4 0.384375 0.38125 0.16875 0.25
4 0.6328125 0.38203125 0.196875 0.2453125
7 0.86875 0.3796875 0.2125 0.24375
4 0.1203125 0.6296875 0.2078125 0.25
7 0.3734375 0.6265625 0.178125 0.2390625
6 0.63125 0.6296875 0.215625 0.253125
4 0.8734375 0.628125 0.221875 0.253125
4 0.128125 0.8859375 0.1765625 0.228125
6 0.3796875 0.8796875 0.2484375 0.240625
6 0.61875 0.88359375 0.190625 0.2328125
5 0.87734375 0.88203125 0.2453125 0.2359375