7 0.1515625 0.11171875 0.196875 0.2234375
7 0.35 0.8703125 0.215625 0.2453125
7 0.59765625 0.8875 0.1921875 0.225
7 0.84375 0.8953125 0.18125 0.209375
4 0.40546875 0.121875 0.215625 0.2421875
4 0.65390625 0.14140625 0.2140625 0.23125
4 0.8875 0.3984375 0.2125 0.240625
2 0.8953125 0.15625 0.209375 0.2375
2 0.38515625 0.37578125 0.2 0.221875
2 0.37265625 0.61953125 0.2109375 0.2390625
2 0.62265625 0.63359375 0.2296875 0.2421875
5 0.1359375 0.3484375 0.2015625 0.2359375
5 0.63828125 0.38671875 0.19375 0.2359375
5 0.0953125 0.84375 0.190625 0.234375
6 0.115625 0.59375 0.2125 0.2515625
6 0.86796875 0.65390625 0.209375 0.228125