6 0.89765625 0.84140625 0.2046875 0.2640625
4 0.65390625 0.86484375 0.1859375 0.2546875
4 0.403125 0.88046875 0.2125 0.2390625
2 0.14609375 0.88984375 0.1828125 0.2203125
4 0.87890625 0.58671875 0.2421875 0.2671875
4 0.62578125 0.60859375 0.190625 0.2640625
4 0.378125 0.62890625 0.2171875 0.2609375
7 0.14296875 0.65234375 0.2328125 0.2609375
4 0.86640625 0.3375 0.228125 0.2671875
7 0.61484375 0.3625 0.1984375 0.253125
6 0.3578125 0.38203125 0.2375 0.2703125
4 0.11875 0.40546875 0.2375 0.2703125
4 0.83515625 0.1015625 0.1953125 0.203125
6 0.5859375 0.12109375 0.26875 0.2421875
6 0.3484375 0.128125 0.2109375 0.2484375
5 0.11171875 0.1515625 0.2234375 0.25625