7 0.0890625 0.1890625 0.178125 0.25625
7 0.4375 0.88203125 0.234375 0.2359375
7 0.6828125 0.85625 0.209375 0.2390625
7 0.91328125 0.82265625 0.1734375 0.2515625
4 0.3234375 0.153125 0.2328125 0.25625
4 0.56875 0.11875 0.23125 0.2375
4 0.8546875 0.3140625 0.2296875 0.25625
2 0.8109375 0.1 0.234375 0.2
2 0.36015625 0.40546875 0.215625 0.2359375
2 0.403125 0.6453125 0.228125 0.2546875
2 0.65 0.603125 0.246875 0.259375
5 0.11171875 0.434375 0.21875 0.25
5 0.60859375 0.35859375 0.2109375 0.2484375
5 0.1796875 0.9015625 0.215625 0.196875
6 0.146875 0.678125 0.23125 0.2671875
6 0.88984375 0.5671875 0.2203125 0.24375