6 0.78984375 0.09765625 0.2515625 0.1953125
4 0.540625 0.1203125 0.2125 0.240625
4 0.29375 0.15546875 0.2375 0.2734375
2 0.07421875 0.21796875 0.1484375 0.2609375
4 0.8375 0.30546875 0.26875 0.2890625
4 0.58828125 0.36015625 0.2171875 0.2796875
4 0.3453125 0.4125 0.24375 0.28125
7 0.12109375 0.45859375 0.2421875 0.2828125
4 0.88515625 0.546875 0.2296875 0.2875
7 0.65 0.59765625 0.2234375 0.2703125
6 0.3984375 0.65390625 0.2640625 0.2921875
4 0.16171875 0.703125 0.2703125 0.29375
4 0.91640625 0.8 0.1671875 0.259375
6 0.696875 0.84609375 0.29375 0.2875
6 0.4625 0.8828125 0.234375 0.234375
5 0.21015625 0.90546875 0.2890625 0.1890625