7 0.875 0.8734375 0.18125 0.23125
7 0.6234375 0.1203125 0.2 0.23125
7 0.375 0.11953125 0.178125 0.2140625
7 0.128125 0.1140625 0.165625 0.228125
4 0.6203125 0.8703125 0.2 0.228125
4 0.371875 0.86796875 0.2 0.2171875
4 0.1203125 0.628125 0.196875 0.228125
2 0.12578125 0.87109375 0.2015625 0.2234375
2 0.62265625 0.615625 0.1859375 0.209375
2 0.61796875 0.37109375 0.1953125 0.2265625
2 0.36796875 0.375 0.2140625 0.228125
5 0.87265625 0.62578125 0.1859375 0.2234375
5 0.3703125 0.62265625 0.178125 0.2234375
5 0.88359375 0.128125 0.1828125 0.221875
6 0.8765625 0.37890625 0.196875 0.2390625
6 0.12109375 0.37109375 0.1953125 0.2171875