6 0.1015625 0.15703125 0.203125 0.2640625
4 0.34609375 0.13515625 0.1859375 0.2546875
4 0.596875 0.11875 0.2125 0.2375
2 0.85234375 0.11015625 0.1828125 0.2203125
4 0.1203125 0.41328125 0.240625 0.2671875
4 0.37421875 0.39140625 0.190625 0.2640625
4 0.621875 0.37109375 0.2171875 0.2609375
7 0.85703125 0.34765625 0.2328125 0.2609375
4 0.13359375 0.6625 0.228125 0.2671875
7 0.38515625 0.6375 0.1984375 0.253125
6 0.6421875 0.61796875 0.2375 0.2703125
4 0.88046875 0.59453125 0.2390625 0.2703125
4 0.16328125 0.89765625 0.1953125 0.2046875
6 0.4140625 0.87890625 0.26875 0.2421875
6 0.6515625 0.871875 0.2109375 0.2484375
5 0.88828125 0.846875 0.2234375 0.25625