7 0.125 0.1265625 0.18125 0.23125
7 0.3765625 0.8796875 0.2 0.23125
7 0.625 0.88046875 0.178125 0.2140625
7 0.871875 0.8859375 0.165625 0.228125
4 0.3796875 0.1296875 0.2 0.228125
4 0.628125 0.13125 0.2 0.2171875
4 0.8796875 0.371875 0.196875 0.228125
2 0.87421875 0.12890625 0.2015625 0.2234375
2 0.3765625 0.384375 0.1859375 0.209375
2 0.38125 0.628125 0.1953125 0.2265625
2 0.63203125 0.625 0.2140625 0.228125
5 0.1265625 0.37421875 0.1859375 0.2234375
5 0.6296875 0.37734375 0.178125 0.2234375
5 0.11640625 0.871875 0.1828125 0.221875
6 0.1234375 0.6203125 0.196875 0.2390625
6 0.878125 0.628125 0.1953125 0.215625