6 0.89765625 0.15703125 0.2046875 0.2640625
4 0.65390625 0.13515625 0.1859375 0.2546875
4 0.403125 0.11875 0.2125 0.2375
2 0.14765625 0.11015625 0.1828125 0.2203125
4 0.87890625 0.41171875 0.2421875 0.2671875
4 0.62578125 0.39140625 0.190625 0.2640625
4 0.378125 0.37109375 0.2171875 0.2609375
7 0.14296875 0.34765625 0.2328125 0.2609375
4 0.8671875 0.6625 0.228125 0.2671875
7 0.61484375 0.6375 0.1984375 0.253125
6 0.3578125 0.61796875 0.2375 0.2703125
4 0.11953125 0.5953125 0.2390625 0.271875
4 0.83671875 0.89765625 0.1953125 0.2046875
6 0.5859375 0.87890625 0.26875 0.2421875
6 0.3484375 0.871875 0.2109375 0.2484375
5 0.11171875 0.846875 0.2234375 0.25625