7 0.09296875 0.82421875 0.1859375 0.2515625
7 0.42265625 0.1171875 0.2265625 0.234375
7 0.6703125 0.1375 0.203125 0.234375
7 0.91015625 0.1625 0.1796875 0.246875
4 0.33515625 0.853125 0.2265625 0.2515625
4 0.58125 0.8796875 0.225 0.240625
4 0.8609375 0.6734375 0.2234375 0.25
2 0.82578125 0.8953125 0.2265625 0.209375
2 0.3640625 0.6 0.209375 0.23125
2 0.3984375 0.3578125 0.221875 0.2484375
2 0.64609375 0.3921875 0.240625 0.253125
5 0.11484375 0.5796875 0.2125 0.24375
5 0.6140625 0.6375 0.2046875 0.24375
5 0.16484375 0.10234375 0.2078125 0.2046875
6 0.140625 0.33359375 0.225 0.2609375
6 0.890625 0.41796875 0.21875 0.2390625