5 0.909375 0.209375 0.18125 0.26875
6 0.70078125 0.16171875 0.2578125 0.271875
5 0.4484375 0.11953125 0.25 0.2390625
6 0.2 0.0953125 0.25 0.190625
6 0.8828125 0.459375 0.234375 0.28125
7 0.64140625 0.41171875 0.2625 0.2828125
6 0.38984375 0.359375 0.2484375 0.28125
6 0.15234375 0.3078125 0.253125 0.2703125
6 0.83828125 0.7109375 0.2359375 0.2453125
7 0.60703125 0.665625 0.2359375 0.25
7 0.35546875 0.6015625 0.25625 0.259375
5 0.12109375 0.54296875 0.2421875 0.2578125
7 0.5453125 0.88515625 0.25625 0.2296875
5 0.29453125 0.85390625 0.24375 0.259375
4 0.09140625 0.7953125 0.1828125 0.275