7 0.85078125 0.89140625 0.1921875 0.2171875
7 0.59140625 0.88125 0.21875 0.23125
7 0.86640625 0.6484375 0.1984375 0.2390625
7 0.1328125 0.34453125 0.209375 0.23125
7 0.89296875 0.15078125 0.1921875 0.2453125
2 0.34921875 0.85546875 0.2328125 0.2375
2 0.65703125 0.125 0.1953125 0.2359375
5 0.103125 0.83828125 0.1984375 0.2359375
5 0.61328125 0.63046875 0.2375 0.2546875
5 0.38046875 0.609375 0.2234375 0.2359375
5 0.63515625 0.375 0.20625 0.225
5 0.153125 0.10859375 0.215625 0.2171875
5 0.3765625 0.36796875 0.1921875 0.234375
4 0.1171875 0.59296875 0.2015625 0.2265625
4 0.88046875 0.39453125 0.196875 0.2390625
6 0.4015625 0.1203125 0.215625 0.240625