5 0.815625 0.1015625 0.234375 0.203125
6 0.571875 0.121875 0.24375 0.24375
5 0.31640625 0.14453125 0.2359375 0.2625
6 0.09140625 0.1828125 0.1828125 0.265625
6 0.85859375 0.3265625 0.2484375 0.26875
7 0.60234375 0.36875 0.2484375 0.271875
6 0.3484375 0.40546875 0.234375 0.2703125
6 0.11328125 0.43828125 0.2265625 0.2578125
6 0.8890625 0.5828125 0.221875 0.234375
7 0.65625 0.61953125 0.2234375 0.2390625
7 0.39921875 0.6453125 0.24375 0.246875
5 0.14375 0.67578125 0.2640625 0.2453125
7 0.68125 0.8640625 0.24375 0.25625
5 0.428125 0.8890625 0.23125 0.221875
4 0.1734375 0.9015625 0.2625 0.196875