5 0.89765625 0.83515625 0.2046875 0.2515625
6 0.6640625 0.8578125 0.2375 0.2546875
5 0.4078125 0.88046875 0.228125 0.2390625
6 0.1546875 0.89140625 0.228125 0.2171875
6 0.88515625 0.58125 0.2296875 0.2625
7 0.63203125 0.60234375 0.240625 0.2640625
6 0.37578125 0.628125 0.2265625 0.265625
6 0.134375 0.6546875 0.2328125 0.2515625
6 0.85859375 0.32578125 0.2171875 0.228125
7 0.6234375 0.34609375 0.2171875 0.2328125
7 0.36640625 0.38359375 0.2375 0.240625
5 0.11953125 0.415625 0.2390625 0.2375
7 0.5875 0.11328125 0.2375 0.2265625
5 0.3328125 0.1265625 0.2234375 0.2421875
4 0.103125 0.15703125 0.20625 0.2546875