5 0.09609375 0.18671875 0.1921875 0.2609375
6 0.3171875 0.1515625 0.2484375 0.2640625
5 0.57109375 0.11953125 0.2390625 0.2390625
6 0.82265625 0.1015625 0.2390625 0.203125
6 0.11640625 0.4390625 0.2328125 0.271875
7 0.3640625 0.4046875 0.253125 0.275
6 0.6171875 0.36484375 0.2375 0.2734375
6 0.85703125 0.3265625 0.24375 0.2609375
6 0.15078125 0.69296875 0.2265625 0.2375
7 0.38515625 0.659375 0.2265625 0.2421875
7 0.6390625 0.609375 0.246875 0.25
5 0.87890625 0.56328125 0.2421875 0.2484375
7 0.4328125 0.8859375 0.246875 0.228125
5 0.68671875 0.8640625 0.234375 0.25
4 0.903125 0.81953125 0.19375 0.2640625