7 0.859375 0.8890625 0.1875 0.221875
7 0.5984375 0.88046875 0.215625 0.228125
7 0.86875 0.64296875 0.19375 0.2359375
7 0.13046875 0.35078125 0.20625 0.228125
7 0.88828125 0.14375 0.1890625 0.2421875
2 0.35625 0.8578125 0.228125 0.234375
2 0.6515625 0.121875 0.190625 0.2328125
5 0.10859375 0.84453125 0.19375 0.2328125
5 0.615625 0.6296875 0.234375 0.25
5 0.3828125 0.6109375 0.21875 0.2328125
5 0.6328125 0.37265625 0.203125 0.221875
5 0.146875 0.1109375 0.2125 0.221875
5 0.375 0.36953125 0.1875 0.23125
4 0.11953125 0.6 0.1984375 0.2234375
4 0.878125 0.38828125 0.1921875 0.2359375
6 0.39375 0.1203125 0.2125 0.240625