7 0.1921875 0.09453125 0.2125 0.1890625
7 0.44765625 0.11796875 0.2390625 0.2359375
7 0.1515625 0.3140625 0.21875 0.2546875
7 0.84921875 0.69296875 0.2296875 0.25
7 0.08984375 0.80625 0.1796875 0.259375
2 0.6875 0.1625 0.253125 0.2578125
2 0.3046875 0.85703125 0.215625 0.2515625
5 0.91015625 0.20546875 0.1796875 0.2515625
5 0.4015625 0.3578125 0.259375 0.2734375
5 0.63046875 0.40390625 0.24375 0.2546875
5 0.353125 0.61015625 0.2265625 0.2421875
5 0.8015625 0.90390625 0.2375 0.1921875
5 0.60859375 0.64453125 0.2125 0.2484375
4 0.8890625 0.446875 0.221875 0.24375
4 0.1109375 0.565625 0.2171875 0.2546875
6 0.55703125 0.87890625 0.2390625 0.2421875