7 0.7921875 0.08984375 0.21875 0.1796875
7 0.53671875 0.11796875 0.2453125 0.2359375
7 0.8421875 0.30078125 0.2265625 0.259375
7 0.15859375 0.70546875 0.2359375 0.2546875
7 0.9140625 0.78984375 0.171875 0.2640625
2 0.3015625 0.16875 0.259375 0.2640625
2 0.70859375 0.84921875 0.221875 0.25625
5 0.0859375 0.2203125 0.171875 0.25625
5 0.59375 0.35390625 0.2671875 0.2796875
5 0.3671875 0.40859375 0.25 0.2609375
5 0.65078125 0.60546875 0.2328125 0.2484375
5 0.2125 0.9078125 0.24375 0.184375
5 0.39765625 0.64765625 0.21875 0.253125
4 0.1109375 0.46015625 0.221875 0.2484375
4 0.8890625 0.55 0.221875 0.259375
6 0.45546875 0.878125 0.2453125 0.24375