7 0.1203125 0.12421875 0.1765625 0.2234375
7 0.38203125 0.125 0.2046875 0.2171875
7 0.12421875 0.3765625 0.1828125 0.2265625
7 0.8765625 0.6296875 0.1953125 0.21875
7 0.13125 0.87578125 0.1765625 0.2328125
2 0.625 0.13515625 0.2171875 0.2234375
2 0.36875 0.88515625 0.1796875 0.2234375
5 0.87265625 0.13515625 0.1828125 0.2234375
5 0.378125 0.3765625 0.221875 0.2390625
5 0.6109375 0.3828125 0.2078125 0.221875
5 0.37421875 0.634375 0.1921875 0.2125
5 0.8734375 0.8796875 0.2 0.23125
5 0.63125 0.6234375 0.1765625 0.221875
4 0.875 0.38046875 0.1875 0.2140625
4 0.128125 0.63125 0.18125 0.2265625
6 0.625 0.8765625 0.2 0.2390625