5 0.128125 0.1203125 0.2 0.2171875
5 0.12734375 0.38203125 0.2046875 0.2234375
5 0.365625 0.6265625 0.1859375 0.2265625
6 0.371875 0.1359375 0.1875 0.2171875
6 0.621875 0.13125 0.1953125 0.221875
6 0.87578125 0.3796875 0.1734375 0.21875
6 0.87734375 0.6265625 0.2046875 0.2265625
7 0.878125 0.128125 0.2 0.23125
7 0.61953125 0.3828125 0.1921875 0.221875
7 0.1296875 0.634375 0.15625 0.209375
7 0.1265625 0.88203125 0.1875 0.2234375
7 0.62578125 0.88671875 0.2046875 0.2234375
2 0.38671875 0.37734375 0.1921875 0.2359375
2 0.378125 0.8796875 0.190625 0.23125
4 0.628125 0.6265625 0.196875 0.23125