6 0.121875 0.13125 0.221875 0.240625
5 0.37890625 0.134375 0.2015625 0.23125
6 0.6234375 0.134375 0.215625 0.24375
7 0.865625 0.13203125 0.1859375 0.2328125
2 0.12421875 0.38671875 0.2453125 0.2328125
6 0.3796875 0.3796875 0.2 0.209375
7 0.6375 0.3796875 0.2109375 0.221875
4 0.871875 0.38671875 0.2 0.2015625
7 0.1234375 0.63203125 0.209375 0.2140625
4 0.36875 0.625 0.2 0.2265625
7 0.63046875 0.634375 0.2140625 0.2125
6 0.87109375 0.628125 0.2046875 0.2265625
4 0.12265625 0.8796875 0.1921875 0.240625
6 0.378125 0.884375 0.1953125 0.23125
5 0.63125 0.8890625 0.196875 0.221875
5 0.8890625 0.8890625 0.1859375 0.221875