5 0.2234375 0.08671875 0.24375 0.1734375
5 0.16328125 0.3015625 0.25 0.2640625
5 0.340625 0.59296875 0.2328125 0.2625
6 0.45625 0.12109375 0.23125 0.2421875
6 0.7015625 0.16796875 0.240625 0.259375
6 0.89140625 0.46640625 0.2171875 0.2515625
6 0.8390625 0.7078125 0.25 0.2671875
7 0.9140625 0.22265625 0.171875 0.2703125
7 0.64296875 0.4125 0.2375 0.259375
7 0.10859375 0.54765625 0.2 0.2390625
7 0.0828125 0.7875 0.165625 0.259375
7 0.5359375 0.88671875 0.25 0.2265625
2 0.4171875 0.3546875 0.240625 0.2734375
2 0.29609375 0.8421875 0.2375 0.26875
4 0.59609375 0.65234375 0.24375 0.2703125