5 0.821875 0.90078125 0.225 0.1984375
5 0.85546875 0.6625 0.2296875 0.246875
5 0.6484375 0.390625 0.2125 0.246875
6 0.5828125 0.87734375 0.2125 0.2390625
6 0.334375 0.85078125 0.2203125 0.24375
6 0.1125 0.5734375 0.1984375 0.2375
6 0.140625 0.328125 0.23125 0.25
7 0.09609375 0.821875 0.1921875 0.253125
7 0.3671875 0.6015625 0.2171875 0.24375
7 0.88359375 0.41171875 0.18125 0.2265625
7 0.9046875 0.16640625 0.190625 0.2453125
7 0.42265625 0.11171875 0.2296875 0.2234375
2 0.59765625 0.6359375 0.21875 0.2578125
2 0.6671875 0.13828125 0.2171875 0.253125
4 0.38828125 0.35859375 0.2234375 0.253125