6 0.21484375 0.90078125 0.2703125 0.1984375
5 0.46328125 0.87421875 0.2484375 0.2515625
6 0.70234375 0.828125 0.265625 0.2859375
7 0.9109375 0.7765625 0.178125 0.26875
2 0.159375 0.69453125 0.290625 0.28125
6 0.41015625 0.64453125 0.2421875 0.2484375
7 0.6609375 0.5859375 0.2546875 0.2640625
4 0.88359375 0.5265625 0.2328125 0.240625
7 0.1140625 0.45625 0.228125 0.25625
4 0.34375 0.4078125 0.2453125 0.265625
7 0.596875 0.33984375 0.25625 0.2546875
6 0.8328125 0.29140625 0.25 0.2671875
4 0.08359375 0.2140625 0.1671875 0.278125
6 0.29453125 0.153125 0.2421875 0.26875
5 0.53984375 0.1109375 0.2421875 0.221875
5 0.790625 0.08125 0.23125 0.1625