2 0.15234375 0.12421875 0.184375 0.2125
2 0.39765625 0.11640625 0.184375 0.225
2 0.89609375 0.15234375 0.1875 0.225
2 0.625 0.63671875 0.225 0.240625
6 0.6375 0.13984375 0.175 0.2234375
6 0.14375 0.3484375 0.20625 0.253125
6 0.86796875 0.65 0.2203125 0.25
6 0.34921875 0.87265625 0.209375 0.2296875
7 0.3859375 0.37109375 0.2 0.23125
7 0.6375 0.3890625 0.20625 0.24375
7 0.1015625 0.85234375 0.1921875 0.2359375
7 0.840625 0.89609375 0.215625 0.2078125
5 0.88359375 0.409375 0.1984375 0.23125
5 0.11328125 0.59453125 0.1890625 0.246875
5 0.36640625 0.61171875 0.2125 0.2609375
4 0.58828125 0.878125 0.2109375 0.24375