2 0.1859375 0.10390625 0.2 0.2078125
2 0.43046875 0.11328125 0.2015625 0.2265625
2 0.9109375 0.18828125 0.178125 0.2390625
2 0.6125 0.646875 0.2421875 0.25625
6 0.66796875 0.153125 0.1921875 0.234375
6 0.15859375 0.31796875 0.2265625 0.2671875
6 0.853125 0.68203125 0.2390625 0.265625
6 0.3171875 0.8578125 0.2265625 0.2453125
7 0.39765625 0.36171875 0.2171875 0.2453125
7 0.646875 0.4015625 0.225 0.2578125
7 0.08828125 0.81484375 0.1765625 0.2484375
7 0.80390625 0.90703125 0.2328125 0.1859375
5 0.890625 0.44296875 0.215625 0.2453125
5 0.10703125 0.56015625 0.2078125 0.2609375
5 0.35703125 0.6 0.23125 0.2765625
4 0.55390625 0.878125 0.2296875 0.24375