2 0.12109375 0.15546875 0.1734375 0.2046875
2 0.36484375 0.1265625 0.1734375 0.2171875
2 0.86484375 0.11953125 0.1765625 0.2171875
2 0.63671875 0.62421875 0.2140625 0.2296875
6 0.60546875 0.1296875 0.1640625 0.215625
6 0.13203125 0.3796875 0.1953125 0.24375
6 0.8796875 0.61796875 0.209375 0.2390625
6 0.38203125 0.88359375 0.1984375 0.2203125
7 0.37421875 0.38203125 0.1890625 0.221875
7 0.62734375 0.37734375 0.1953125 0.234375
7 0.13359375 0.88515625 0.1796875 0.2265625
7 0.87578125 0.88046875 0.203125 0.2265625
5 0.87421875 0.3765625 0.1875 0.221875
5 0.1234375 0.62734375 0.178125 0.2390625
5 0.37578125 0.62265625 0.2 0.2515625
4 0.621875 0.87578125 0.1984375 0.246875