6 0.103125 0.7953125 0.20625 0.265625
2 0.3203125 0.84453125 0.2171875 0.24375
7 0.56796875 0.865625 0.2234375 0.2421875
4 0.8046875 0.89609375 0.21875 0.2078125
4 0.1171875 0.53828125 0.234375 0.2328125
4 0.35703125 0.5890625 0.2640625 0.2484375
6 0.61171875 0.634375 0.2203125 0.253125
2 0.8546875 0.6703125 0.2421875 0.2546875
2 0.14453125 0.31875 0.2578125 0.2453125
2 0.38515625 0.35390625 0.253125 0.2484375
5 0.64609375 0.38515625 0.2265625 0.24375
5 0.8890625 0.42265625 0.221875 0.2453125
5 0.19921875 0.09765625 0.2578125 0.1953125
6 0.42421875 0.11796875 0.2359375 0.2359375
5 0.6859375 0.140625 0.2390625 0.2609375
5 0.9015625 0.17890625 0.196875 0.2640625