6 0.1109375 0.17421875 0.221875 0.2515625
2 0.34453125 0.14375 0.2046875 0.2328125
7 0.59296875 0.13984375 0.209375 0.2296875
4 0.8328125 0.11171875 0.20625 0.2234375
4 0.11640625 0.43359375 0.2328125 0.2203125
4 0.36328125 0.4015625 0.25 0.2328125
6 0.6203125 0.3734375 0.20625 0.2421875
2 0.865625 0.35546875 0.228125 0.2421875
2 0.1328125 0.65625 0.2453125 0.23125
2 0.37578125 0.63828125 0.2390625 0.234375
5 0.63828125 0.62421875 0.2140625 0.23125
5 0.8890625 0.6046875 0.221875 0.23125
5 0.17109375 0.89453125 0.2453125 0.2109375
6 0.396875 0.88125 0.221875 0.2375
5 0.66015625 0.871875 0.2234375 0.2484375
5 0.89375 0.84921875 0.2125 0.2515625