2 0.16640625 0.1125 0.190625 0.21875
2 0.41015625 0.1140625 0.1921875 0.228125
2 0.9046875 0.165625 0.190625 0.23125
2 0.6203125 0.63984375 0.23125 0.246875
6 0.65 0.1453125 0.1828125 0.228125
6 0.14921875 0.3359375 0.2140625 0.259375
6 0.8625 0.66328125 0.228125 0.25625
6 0.3359375 0.86640625 0.2171875 0.2359375
7 0.38984375 0.3671875 0.2078125 0.2375
7 0.64140625 0.39375 0.2140625 0.25
7 0.09375 0.8375 0.1875 0.240625
7 0.8265625 0.90078125 0.221875 0.1984375
5 0.88671875 0.42265625 0.20625 0.2375
5 0.11015625 0.58046875 0.196875 0.253125
5 0.36171875 0.60625 0.2203125 0.2671875
4 0.575 0.878125 0.21875 0.24375