2 0.12734375 0.14921875 0.1703125 0.2015625
2 0.37109375 0.12421875 0.1703125 0.2140625
2 0.87109375 0.12578125 0.1734375 0.2140625
2 0.634375 0.62734375 0.209375 0.2265625
6 0.61171875 0.13125 0.1609375 0.2125
6 0.134375 0.3734375 0.190625 0.240625
6 0.87734375 0.62421875 0.2046875 0.2359375
6 0.37578125 0.88203125 0.1953125 0.2171875
7 0.37734375 0.3796875 0.1859375 0.21875
7 0.6296875 0.3796875 0.190625 0.23125
7 0.12734375 0.87890625 0.1765625 0.2234375
7 0.86875 0.88671875 0.2 0.2234375
5 0.8765625 0.3828125 0.184375 0.21875
5 0.12109375 0.62109375 0.1734375 0.2359375
5 0.37421875 0.62109375 0.1953125 0.2484375
4 0.615625 0.878125 0.19375 0.24375