7 0.13125 0.12890625 0.2171875 0.2328125
4 0.3734375 0.1296875 0.1875 0.228125
2 0.6203125 0.134375 0.2265625 0.2125
4 0.8734375 0.1359375 0.190625 0.21875
2 0.12265625 0.3890625 0.2015625 0.2125
5 0.3734375 0.37734375 0.2078125 0.2546875
2 0.6171875 0.384375 0.1953125 0.1796875
2 0.8640625 0.3859375 0.178125 0.2390625
6 0.1265625 0.6421875 0.1953125 0.21875
5 0.36640625 0.634375 0.2046875 0.221875
6 0.62109375 0.634375 0.2015625 0.221875
4 0.878125 0.6328125 0.209375 0.228125
6 0.13203125 0.89296875 0.2140625 0.2140625
6 0.37265625 0.89375 0.2140625 0.2125
5 0.621875 0.884375 0.2265625 0.23125
4 0.884375 0.88203125 0.23125 0.2359375