7 0.84765625 0.115625 0.2296875 0.23125
4 0.60703125 0.1234375 0.1984375 0.2375
2 0.3609375 0.14140625 0.2375 0.2234375
4 0.1078125 0.15625 0.2015625 0.228125
2 0.87109375 0.36953125 0.2125 0.2234375
5 0.6203125 0.37109375 0.2203125 0.265625
2 0.3765625 0.390625 0.2046875 0.1890625
2 0.13046875 0.40546875 0.190625 0.2484375
6 0.88046875 0.62265625 0.20625 0.228125
5 0.640625 0.62734375 0.215625 0.2328125
6 0.3859375 0.640625 0.2125 0.2328125
4 0.1296875 0.65234375 0.2203125 0.2390625
6 0.8875 0.8734375 0.225 0.225
6 0.64765625 0.88671875 0.225 0.2234375
5 0.39765625 0.884375 0.2390625 0.23125
4 0.1359375 0.88828125 0.24375 0.2234375