7 0.103125 0.81640625 0.20625 0.2609375
4 0.3234375 0.84921875 0.2171875 0.2515625
2 0.56796875 0.87890625 0.2546875 0.2421875
4 0.81875 0.8953125 0.21875 0.209375
2 0.1125 0.55703125 0.225 0.2390625
5 0.3578125 0.60390625 0.240625 0.28125
2 0.6 0.63046875 0.21875 0.2046875
2 0.84453125 0.66328125 0.209375 0.2609375
6 0.15 0.30703125 0.2234375 0.24375
5 0.38671875 0.3484375 0.2328125 0.2484375
6 0.63828125 0.38359375 0.23125 0.2484375
4 0.88671875 0.42109375 0.2265625 0.2546875
6 0.18984375 0.08984375 0.2421875 0.1796875
6 0.42890625 0.10625 0.2421875 0.2125
5 0.67421875 0.1359375 0.25625 0.2609375
4 0.90078125 0.175 0.1984375 0.265625