4 0.9015625 0.85078125 0.196875 0.2265625
6 0.6484375 0.865625 0.2375 0.234375
5 0.39140625 0.87421875 0.2296875 0.215625
5 0.15234375 0.8859375 0.2015625 0.228125
4 0.87421875 0.5984375 0.234375 0.246875
6 0.6328125 0.603125 0.20625 0.2234375
5 0.38359375 0.621875 0.2140625 0.2515625
5 0.13515625 0.621875 0.21875 0.234375
4 0.87421875 0.35546875 0.1890625 0.21875
5 0.62578125 0.36328125 0.2234375 0.2203125
4 0.37421875 0.3671875 0.2015625 0.221875
6 0.13125 0.38203125 0.21875 0.225
5 0.8578125 0.11015625 0.196875 0.2203125
2 0.61484375 0.11015625 0.1984375 0.2203125
2 0.36640625 0.12421875 0.2 0.2453125
5 0.109375 0.1359375 0.2140625 0.2421875