4 0.11640625 0.12890625 0.1859375 0.2171875
6 0.37109375 0.12734375 0.2265625 0.2234375
5 0.628125 0.13203125 0.21875 0.2046875
5 0.8671875 0.13125 0.190625 0.221875
4 0.13125 0.38203125 0.221875 0.2359375
6 0.37265625 0.38984375 0.1953125 0.2140625
5 0.62265625 0.384375 0.2015625 0.240625
5 0.87109375 0.39765625 0.2078125 0.2234375
4 0.11875 0.625 0.178125 0.209375
5 0.3671875 0.6296875 0.2125 0.209375
4 0.61875 0.6390625 0.190625 0.2125
6 0.86171875 0.63671875 0.2078125 0.2140625
5 0.12109375 0.87734375 0.1859375 0.2265625
2 0.3640625 0.8890625 0.1875 0.221875
2 0.6140625 0.88203125 0.1875 0.2359375
5 0.87109375 0.884375 0.2015625 0.23125