5 0.77265625 0.90625 0.2328125 0.1875
5 0.53125 0.8765625 0.259375 0.246875
5 0.35234375 0.5875 0.2296875 0.2671875
5 0.65234375 0.4046875 0.2609375 0.2859375
2 0.29453125 0.83046875 0.2359375 0.2765625
2 0.828125 0.70703125 0.2453125 0.2734375
2 0.40546875 0.34453125 0.225 0.2515625
2 0.4703125 0.12265625 0.265625 0.2453125
2 0.9203125 0.225 0.159375 0.28125
6 0.0828125 0.771875 0.165625 0.271875
6 0.884375 0.471875 0.23125 0.284375
6 0.16328125 0.28125 0.2453125 0.25625
7 0.5921875 0.65078125 0.2421875 0.271875
7 0.7171875 0.1609375 0.2546875 0.2734375
7 0.2296875 0.09140625 0.240625 0.1828125
4 0.125 0.52578125 0.25 0.2671875