5 0.90703125 0.1859375 0.1859375 0.259375
5 0.67578125 0.1484375 0.2390625 0.259375
5 0.39609375 0.3640625 0.2109375 0.2546875
5 0.6046875 0.64609375 0.2390625 0.2703125
2 0.43203125 0.12421875 0.2140625 0.2484375
2 0.88125 0.43125 0.2265625 0.2578125
2 0.35390625 0.609375 0.20625 0.240625
2 0.32421875 0.85703125 0.2453125 0.26875
2 0.8234375 0.896875 0.21875 0.20625
6 0.18125 0.10234375 0.21875 0.2046875
6 0.8578125 0.675 0.2390625 0.2671875
6 0.109375 0.57578125 0.21875 0.2390625
7 0.6421875 0.39453125 0.2234375 0.2578125
7 0.5734375 0.8828125 0.234375 0.234375
7 0.09453125 0.82265625 0.1890625 0.2671875
4 0.1546875 0.3328125 0.2453125 0.25