5 0.1265625 0.13046875 0.18125 0.2359375
5 0.375 0.12734375 0.209375 0.2328125
5 0.621875 0.3796875 0.18125 0.23125
5 0.37578125 0.6296875 0.2078125 0.24375
2 0.61953125 0.13046875 0.1828125 0.2390625
2 0.13203125 0.37890625 0.1953125 0.2328125
2 0.6296875 0.62890625 0.178125 0.2171875
2 0.62421875 0.878125 0.2140625 0.240625
2 0.11953125 0.878125 0.1859375 0.24375
6 0.8734375 0.12578125 0.1875 0.2328125
6 0.12109375 0.6234375 0.2078125 0.240625
6 0.8796875 0.63046875 0.2 0.2140625
7 0.37421875 0.37578125 0.1921875 0.2328125
7 0.37109375 0.88125 0.2046875 0.23125
7 0.871875 0.878125 0.1875 0.24375
4 0.86484375 0.3828125 0.2171875 0.221875