5 0.1328125 0.87578125 0.1859375 0.2390625
5 0.38125 0.875 0.2140625 0.2359375
5 0.62421875 0.61796875 0.1859375 0.234375
5 0.3734375 0.37265625 0.2125 0.246875
2 0.62578125 0.8671875 0.1875 0.2421875
2 0.134375 0.62734375 0.2 0.2359375
2 0.62734375 0.36875 0.18125 0.2203125
2 0.6171875 0.1203125 0.21875 0.240625
2 0.11328125 0.12890625 0.190625 0.246875
6 0.8796875 0.86796875 0.1921875 0.2359375
6 0.11875 0.3828125 0.2125 0.24375
6 0.87734375 0.36328125 0.203125 0.2171875
7 0.3765625 0.6265625 0.196875 0.2359375
7 0.36484375 0.12109375 0.209375 0.234375
7 0.86484375 0.11953125 0.1921875 0.2390625
4 0.8671875 0.6109375 0.2203125 0.225