4 0.78984375 0.0890625 0.2296875 0.178125
6 0.54140625 0.12109375 0.2703125 0.2421875
5 0.2921875 0.1703125 0.259375 0.2484375
5 0.08828125 0.2234375 0.1765625 0.259375
4 0.8328125 0.30234375 0.26875 0.2796875
6 0.59921875 0.3640625 0.2390625 0.253125
5 0.3546875 0.41484375 0.25 0.2796875
5 0.12109375 0.48359375 0.2421875 0.2640625
4 0.89453125 0.5359375 0.2109375 0.24375
5 0.65859375 0.596875 0.2546875 0.2515625
4 0.415625 0.6625 0.2328125 0.25
6 0.178125 0.71484375 0.25 0.2546875
5 0.91875 0.7828125 0.1625 0.2625
2 0.7203125 0.8484375 0.2328125 0.2578125
2 0.47421875 0.88046875 0.2359375 0.2390625
5 0.22421875 0.9109375 0.2484375 0.178125