5 0.909375 0.19296875 0.18125 0.2609375
5 0.68203125 0.1515625 0.24375 0.2625
5 0.3984375 0.36171875 0.2140625 0.25625
5 0.603125 0.64765625 0.24375 0.271875
2 0.43984375 0.1234375 0.2171875 0.246875
2 0.8828125 0.43828125 0.2296875 0.2609375
2 0.3515625 0.60625 0.209375 0.240625
2 0.31796875 0.85390625 0.2484375 0.271875
2 0.815625 0.8984375 0.221875 0.203125
6 0.1890625 0.10078125 0.221875 0.2015625
6 0.85546875 0.68125 0.2421875 0.2703125
6 0.11015625 0.56953125 0.2203125 0.2421875
7 0.64375 0.396875 0.2265625 0.259375
7 0.56796875 0.8828125 0.2390625 0.234375
7 0.0921875 0.81484375 0.184375 0.2703125
4 0.15859375 0.32734375 0.25 0.253125