4 0.08984375 0.7703125 0.1796875 0.271875
2 0.2890625 0.83828125 0.25625 0.2671875
7 0.525 0.87265625 0.284375 0.2546875
6 0.7671875 0.9046875 0.296875 0.190625
5 0.11171875 0.52734375 0.2234375 0.2609375
4 0.34921875 0.5890625 0.2625 0.2765625
2 0.571875 0.646875 0.2703125 0.2578125
6 0.8375 0.715625 0.2375 0.265625
6 0.17421875 0.28046875 0.2265625 0.2640625
6 0.403125 0.34453125 0.2359375 0.2484375
2 0.66015625 0.3953125 0.2328125 0.2484375
4 0.884375 0.471875 0.23125 0.290625
2 0.23671875 0.0828125 0.2546875 0.165625
2 0.47109375 0.10546875 0.2609375 0.2109375
2 0.72578125 0.14453125 0.23125 0.240625
7 0.91640625 0.21640625 0.1671875 0.2703125