4 0.121875 0.12734375 0.228125 0.2234375
2 0.37734375 0.12109375 0.2078125 0.2234375
7 0.61640625 0.13828125 0.2390625 0.2140625
6 0.8671875 0.13359375 0.253125 0.2140625
5 0.1234375 0.378125 0.1875 0.221875
4 0.375 0.37734375 0.2125 0.2328125
2 0.60546875 0.375 0.2265625 0.209375
6 0.8796875 0.37265625 0.1875 0.2265625
6 0.13046875 0.634375 0.1765625 0.228125
6 0.36875 0.62734375 0.190625 0.2078125
2 0.6296875 0.640625 0.1875 0.209375
4 0.88203125 0.6234375 0.2109375 0.246875
2 0.1328125 0.8859375 0.209375 0.215625
2 0.371875 0.89296875 0.21875 0.2015625
2 0.6328125 0.89921875 0.1875 0.2015625
7 0.884375 0.88828125 0.221875 0.2234375