4 0.8515625 0.8890625 0.24375 0.221875
2 0.59609375 0.88359375 0.2234375 0.2328125
7 0.35859375 0.85234375 0.253125 0.2296875
6 0.1203125 0.8390625 0.240625 0.23125
5 0.8671875 0.64765625 0.203125 0.234375
4 0.61640625 0.63125 0.228125 0.246875
2 0.3859375 0.6171875 0.240625 0.225
6 0.1125 0.60078125 0.203125 0.2390625
6 0.878125 0.39140625 0.1921875 0.240625
6 0.63984375 0.38203125 0.2046875 0.2203125
2 0.38046875 0.35078125 0.2015625 0.221875
4 0.12734375 0.35 0.228125 0.2609375
2 0.890625 0.13984375 0.21875 0.2296875
2 0.65546875 0.1171875 0.2328125 0.215625
2 0.39453125 0.09921875 0.2015625 0.1984375
7 0.14375 0.10234375 0.2375 0.2046875