2 0.90703125 0.1984375 0.1859375 0.265625
2 0.6875 0.16015625 0.2390625 0.2515625
2 0.33984375 0.60703125 0.1953125 0.24375
6 0.43984375 0.12265625 0.2421875 0.2453125
6 0.1890625 0.09375 0.21875 0.1875
6 0.890625 0.4515625 0.21875 0.25625
6 0.79609375 0.89765625 0.2484375 0.2046875
6 0.54921875 0.884375 0.2078125 0.23125
6 0.309375 0.8515625 0.253125 0.265625
5 0.6359375 0.403125 0.2140625 0.246875
5 0.1515625 0.31328125 0.209375 0.253125
7 0.37421875 0.35078125 0.2265625 0.26875
7 0.60234375 0.65 0.2265625 0.2578125
7 0.11640625 0.575 0.2328125 0.246875
7 0.0859375 0.8109375 0.171875 0.253125
4 0.840625 0.69765625 0.1859375 0.2328125