2 0.10859375 0.13984375 0.2171875 0.2390625
2 0.36171875 0.1375 0.2125 0.225
2 0.64375 0.628125 0.1671875 0.2234375
6 0.6125 0.125 0.2125 0.2421875
6 0.86875 0.1125 0.190625 0.225
6 0.11640625 0.39765625 0.19375 0.234375
6 0.14609375 0.88125 0.2171875 0.2375
6 0.3953125 0.88359375 0.178125 0.2328125
6 0.63984375 0.875 0.2234375 0.2390625
5 0.37890625 0.38515625 0.1859375 0.225
5 0.87109375 0.36328125 0.18125 0.2328125
7 0.6453125 0.36953125 0.1953125 0.2453125
7 0.378125 0.634375 0.1984375 0.234375
7 0.875 0.628125 0.21875 0.221875
7 0.884375 0.86796875 0.18125 0.2328125
4 0.13515625 0.6484375 0.159375 0.2140625