4 0.11484375 0.128125 0.2015625 0.228125
4 0.3765625 0.1296875 0.240625 0.24375
7 0.62890625 0.1359375 0.2359375 0.228125
5 0.8796875 0.12578125 0.2390625 0.2328125
6 0.12109375 0.3734375 0.2140625 0.240625
6 0.36640625 0.3703125 0.1828125 0.228125
6 0.6203125 0.378125 0.221875 0.24375
6 0.8609375 0.375 0.190625 0.228125
6 0.1203125 0.6375 0.1953125 0.221875
5 0.3734375 0.6234375 0.190625 0.240625
4 0.62734375 0.62890625 0.2015625 0.2234375
5 0.871875 0.628125 0.2 0.209375
2 0.12265625 0.88515625 0.2046875 0.2234375
4 0.3734375 0.88203125 0.2125 0.2359375
5 0.6125 0.8859375 0.1953125 0.2265625
5 0.87109375 0.8859375 0.1921875 0.2265625