6 0.903125 0.77265625 0.19375 0.2703125
6 0.4546875 0.875 0.26875 0.25
6 0.21953125 0.90625 0.2578125 0.1875
6 0.84140625 0.28515625 0.225 0.253125
6 0.59375 0.34453125 0.2375 0.24375
6 0.2953125 0.1484375 0.2296875 0.259375
5 0.7015625 0.83203125 0.24375 0.2578125
5 0.89296875 0.53984375 0.2140625 0.2609375
5 0.64375 0.59453125 0.2140625 0.2640625
5 0.54375 0.11015625 0.2625 0.2203125
7 0.4125 0.6421875 0.203125 0.240625
7 0.35078125 0.396875 0.2671875 0.2703125
2 0.16328125 0.70703125 0.25625 0.2765625
2 0.11640625 0.45859375 0.2328125 0.2671875
2 0.08828125 0.2140625 0.1765625 0.28125
2 0.77734375 0.09296875 0.2234375 0.1859375