4 0.85078125 0.890625 0.2203125 0.21875
4 0.58984375 0.8734375 0.2609375 0.253125
7 0.33984375 0.8515625 0.2546875 0.2484375
5 0.10859375 0.8390625 0.2171875 0.253125
6 0.86640625 0.659375 0.234375 0.2578125
6 0.621875 0.640625 0.2015625 0.24375
6 0.36953125 0.6109375 0.2421875 0.2625
6 0.1296875 0.59296875 0.209375 0.24375
6 0.88984375 0.39609375 0.2140625 0.2375
5 0.63671875 0.38828125 0.2109375 0.25625
4 0.384375 0.36015625 0.2203125 0.240625
5 0.140625 0.33984375 0.2171875 0.2265625
2 0.8984375 0.1484375 0.203125 0.240625
4 0.659375 0.13046875 0.2328125 0.253125
5 0.42109375 0.11328125 0.2140625 0.2265625
5 0.16328125 0.1015625 0.2109375 0.203125