4 0.79140625 0.0921875 0.2484375 0.184375
4 0.53671875 0.12890625 0.2890625 0.2578125
7 0.2921875 0.17421875 0.28125 0.275
5 0.09453125 0.2203125 0.1890625 0.28125
6 0.840625 0.29140625 0.2625 0.2828125
6 0.60078125 0.34375 0.2296875 0.2640625
6 0.35546875 0.40859375 0.2703125 0.2875
6 0.1203125 0.459375 0.2375 0.265625
6 0.88984375 0.5484375 0.2203125 0.259375
5 0.65078125 0.5921875 0.240625 0.2765625
4 0.4046875 0.65390625 0.246875 0.2625
5 0.16640625 0.70859375 0.2421875 0.2484375
2 0.91484375 0.78984375 0.1703125 0.2640625
4 0.709375 0.84375 0.259375 0.278125
5 0.4765625 0.884375 0.240625 0.23125
5 0.225 0.91328125 0.2375 0.1734375