6 0.88671875 0.16015625 0.2265625 0.2390625
6 0.39375 0.1234375 0.2375 0.246875
6 0.153125 0.1109375 0.228125 0.221875
6 0.87109375 0.659375 0.1953125 0.2296875
6 0.6171875 0.6390625 0.2109375 0.2171875
6 0.353125 0.87890625 0.2 0.2359375
5 0.64765625 0.140625 0.2140625 0.2328125
5 0.88515625 0.3984375 0.1890625 0.2390625
5 0.62734375 0.384375 0.18125 0.24375
5 0.60859375 0.89140625 0.2328125 0.2171875
7 0.39140625 0.3734375 0.1734375 0.2203125
7 0.36875 0.62578125 0.2375 0.2421875
2 0.134375 0.3484375 0.2234375 0.25
2 0.11875 0.6015625 0.2234375 0.240625
2 0.10546875 0.8515625 0.2109375 0.25625
2 0.8453125 0.8875 0.190625 0.225