5 0.1234375 0.12421875 0.240625 0.2453125
7 0.3734375 0.1265625 0.196875 0.24375
6 0.65 0.1265625 0.2 0.24375
7 0.86875 0.12734375 0.190625 0.2359375
4 0.11875 0.38203125 0.18125 0.2328125
2 0.37734375 0.39296875 0.2234375 0.2234375
2 0.6296875 0.3859375 0.209375 0.2265625
5 0.871875 0.3796875 0.21875 0.240625
6 0.12734375 0.63125 0.2015625 0.2390625
7 0.36953125 0.6421875 0.2140625 0.2078125
7 0.621875 0.6359375 0.221875 0.2265625
5 0.88359375 0.6359375 0.2015625 0.2265625
6 0.1234375 0.8765625 0.2171875 0.2265625
5 0.38515625 0.89375 0.2203125 0.2125
7 0.625 0.8859375 0.2078125 0.228125
5 0.87265625 0.89296875 0.1921875 0.2140625