5 0.78203125 0.09765625 0.2890625 0.1953125
7 0.5390625 0.12421875 0.246875 0.2484375
6 0.26953125 0.16953125 0.25 0.2828125
7 0.08828125 0.21953125 0.1765625 0.2734375
4 0.8453125 0.29921875 0.2296875 0.2671875
2 0.5953125 0.36796875 0.26875 0.26875
2 0.3484375 0.41875 0.2546875 0.2671875
5 0.121875 0.465625 0.24375 0.284375
6 0.88359375 0.54375 0.2328125 0.278125
7 0.659375 0.61015625 0.2546875 0.25
7 0.41171875 0.6609375 0.2671875 0.2703125
5 0.15703125 0.71953125 0.246875 0.265625
6 0.909375 0.78203125 0.18125 0.2703125
5 0.70078125 0.8578125 0.2625 0.25625
7 0.4640625 0.88515625 0.253125 0.2296875
5 0.22421875 0.9203125 0.2359375 0.159375