5 0.89765625 0.19453125 0.2046875 0.2828125
7 0.68984375 0.15390625 0.2359375 0.275
6 0.41640625 0.121875 0.2390625 0.24375
7 0.2015625 0.10078125 0.228125 0.2015625
4 0.89296875 0.44921875 0.2140625 0.2609375
2 0.6390625 0.415625 0.259375 0.259375
2 0.3921875 0.365625 0.2453125 0.259375
5 0.1546875 0.3171875 0.2578125 0.275
6 0.84375 0.69453125 0.240625 0.2703125
7 0.60390625 0.66328125 0.246875 0.2421875
7 0.35625 0.61328125 0.2578125 0.2609375
5 0.10859375 0.56796875 0.2171875 0.2578125
6 0.8046875 0.903125 0.253125 0.19375
5 0.54375 0.8921875 0.253125 0.215625
7 0.309375 0.85859375 0.24375 0.2609375
5 0.0890625 0.821875 0.178125 0.24375