5 0.11328125 0.15078125 0.2265625 0.2609375
7 0.34765625 0.1359375 0.2140625 0.25625
6 0.62265625 0.12265625 0.2171875 0.2453125
7 0.8421875 0.11328125 0.20625 0.2265625
4 0.11171875 0.40859375 0.196875 0.2453125
2 0.3703125 0.4015625 0.2390625 0.2390625
2 0.62109375 0.37734375 0.225 0.240625
5 0.8625 0.35390625 0.234375 0.2546875
6 0.1375 0.65703125 0.2171875 0.253125
7 0.3796875 0.65078125 0.228125 0.221875
7 0.63125 0.62734375 0.2375 0.2421875
5 0.89140625 0.6078125 0.2171875 0.240625
6 0.15078125 0.890625 0.2328125 0.21875
5 0.4125 0.89296875 0.234375 0.2140625
7 0.6515625 0.8765625 0.2234375 0.2421875
5 0.89765625 0.86640625 0.2046875 0.2265625