5 0.79765625 0.1015625 0.2828125 0.203125
7 0.55234375 0.1234375 0.2390625 0.246875
6 0.28125 0.16171875 0.2421875 0.278125
7 0.09140625 0.2046875 0.1828125 0.26875
4 0.8515625 0.31171875 0.221875 0.2625
2 0.6 0.371875 0.2625 0.2625
2 0.35078125 0.4125 0.2484375 0.2625
5 0.12109375 0.453125 0.2421875 0.278125
6 0.884375 0.55703125 0.23125 0.2734375
7 0.65546875 0.61484375 0.25 0.2453125
7 0.40625 0.65703125 0.2609375 0.2640625
5 0.14921875 0.70625 0.240625 0.2609375
6 0.90625 0.79765625 0.1875 0.2640625
5 0.6875 0.86484375 0.25625 0.25
7 0.45 0.88515625 0.246875 0.2296875
5 0.20859375 0.91640625 0.2296875 0.1671875