2 0.115625 0.1421875 0.2171875 0.2171875
5 0.3828125 0.125 0.2125 0.228125
6 0.6203125 0.12109375 0.215625 0.2328125
4 0.88203125 0.12578125 0.2046875 0.2359375
4 0.11875 0.38359375 0.16875 0.2359375
7 0.36796875 0.3828125 0.1828125 0.2390625
5 0.6296875 0.3890625 0.21875 0.21875
7 0.884375 0.3859375 0.2265625 0.228125
5 0.1296875 0.63203125 0.19375 0.2234375
2 0.37578125 0.634375 0.2046875 0.221875
2 0.628125 0.63125 0.178125 0.215625
5 0.8703125 0.6375 0.1953125 0.221875
4 0.128125 0.88046875 0.209375 0.2390625
4 0.3796875 0.8859375 0.221875 0.2265625
5 0.628125 0.890625 0.2 0.21875
6 0.87421875 0.8859375 0.2046875 0.2265625