2 0.10546875 0.1625 0.2109375 0.228125
5 0.36328125 0.13203125 0.2234375 0.2390625
6 0.6 0.11875 0.228125 0.2375
4 0.86171875 0.11484375 0.2171875 0.2296875
4 0.11328125 0.40390625 0.18125 0.24375
7 0.36171875 0.38984375 0.1953125 0.2484375
5 0.6234375 0.3828125 0.2296875 0.2296875
7 0.878125 0.365625 0.2375 0.2390625
5 0.13671875 0.6515625 0.2046875 0.2328125
2 0.3828125 0.640625 0.215625 0.2328125
2 0.63515625 0.62421875 0.1890625 0.225
5 0.87734375 0.61796875 0.20625 0.23125
4 0.1484375 0.88671875 0.221875 0.2265625
4 0.39921875 0.8859375 0.2328125 0.228125
5 0.6484375 0.88359375 0.2109375 0.2296875
6 0.89296875 0.865625 0.2140625 0.2375