2 0.16953125 0.10703125 0.2453125 0.2140625
5 0.43515625 0.1203125 0.2421875 0.240625
6 0.671875 0.14140625 0.2453125 0.2609375
4 0.90625 0.1828125 0.1875 0.2625
4 0.13828125 0.33203125 0.2 0.2578125
7 0.3859375 0.365625 0.2140625 0.2625
5 0.64375 0.4078125 0.246875 0.246875
7 0.884375 0.43984375 0.23125 0.2578125
5 0.11484375 0.57890625 0.2234375 0.2484375
2 0.35859375 0.615625 0.2328125 0.2484375
2 0.60859375 0.64765625 0.20625 0.2390625
5 0.84765625 0.6875 0.225 0.246875
4 0.09921875 0.825 0.1984375 0.265625
4 0.32734375 0.865625 0.2515625 0.2546875
5 0.571875 0.89140625 0.228125 0.2171875
6 0.8171875 0.90390625 0.234375 0.1921875