7 0.8671875 0.87890625 0.21875 0.2421875
7 0.3625 0.8765625 0.2109375 0.2453125
7 0.37734375 0.36484375 0.190625 0.2296875
7 0.8828125 0.1203125 0.196875 0.23125
7 0.38828125 0.115625 0.1859375 0.23125
7 0.12734375 0.11328125 0.1859375 0.2265625
4 0.6203125 0.8796875 0.221875 0.240625
4 0.11953125 0.87265625 0.196875 0.2453125
4 0.86953125 0.62421875 0.2359375 0.2375
4 0.875 0.36953125 0.1640625 0.2171875
2 0.61328125 0.61640625 0.2015625 0.2296875
2 0.36796875 0.61640625 0.171875 0.2203125
6 0.1265625 0.6203125 0.21875 0.24375
6 0.11796875 0.359375 0.2015625 0.2390625
6 0.63046875 0.12734375 0.209375 0.253125
5 0.62265625 0.37265625 0.1984375 0.23125