4 0.0953125 0.77890625 0.190625 0.2859375
5 0.29296875 0.8421875 0.2484375 0.2796875
6 0.54921875 0.8765625 0.2390625 0.246875
5 0.78828125 0.90390625 0.2703125 0.1921875
2 0.11640625 0.53203125 0.2328125 0.2703125
7 0.3484375 0.58828125 0.253125 0.259375
2 0.5890625 0.64140625 0.2140625 0.25625
4 0.84765625 0.70234375 0.240625 0.25625
5 0.16796875 0.28359375 0.2625 0.271875
5 0.4125 0.34296875 0.259375 0.278125
5 0.6546875 0.39609375 0.265625 0.2609375
5 0.88359375 0.44921875 0.2328125 0.2671875
5 0.22265625 0.0890625 0.2609375 0.178125
7 0.459375 0.1203125 0.253125 0.240625
2 0.7078125 0.146875 0.253125 0.2609375
7 0.9078125 0.2015625 0.184375 0.2625