7 0.8921875 0.84609375 0.215625 0.2546875
7 0.3953125 0.8796875 0.221875 0.240625
7 0.36640625 0.3765625 0.2015625 0.2390625
7 0.84765625 0.1046875 0.2078125 0.209375
7 0.3546875 0.12578125 0.196875 0.2453125
7 0.09609375 0.1421875 0.1921875 0.24375
4 0.6546875 0.86953125 0.2328125 0.2546875
4 0.153125 0.88828125 0.209375 0.2234375
4 0.87734375 0.59140625 0.2453125 0.2484375
4 0.8625 0.3375 0.175 0.225
2 0.6234375 0.60546875 0.2125 0.2390625
2 0.37890625 0.62734375 0.1828125 0.228125
6 0.13828125 0.65234375 0.2296875 0.2546875
6 0.10703125 0.39375 0.2125 0.2484375
6 0.596875 0.12421875 0.221875 0.2484375
5 0.6109375 0.3625 0.209375 0.240625