4 0.85546875 0.1203125 0.2265625 0.240625
5 0.61171875 0.11953125 0.2078125 0.2390625
6 0.3546875 0.146875 0.2046875 0.21875
5 0.1125 0.1484375 0.225 0.225
2 0.87421875 0.36640625 0.221875 0.2359375
7 0.62421875 0.375 0.2171875 0.225
2 0.37734375 0.3859375 0.1765625 0.2296875
4 0.11171875 0.39453125 0.2046875 0.2234375
5 0.8765625 0.62265625 0.225 0.2359375
5 0.625 0.6296875 0.2203125 0.24375
5 0.37734375 0.640625 0.23125 0.2234375
5 0.12421875 0.65234375 0.234375 0.2296875
5 0.8859375 0.87109375 0.221875 0.2390625
7 0.6421875 0.875 0.2125 0.246875
2 0.38984375 0.890625 0.2171875 0.21875
7 0.15 0.89375 0.2125 0.2125