7 0.12578125 0.1265625 0.2140625 0.240625
7 0.63125 0.12109375 0.20625 0.2421875
7 0.625 0.6328125 0.1859375 0.2265625
7 0.12421875 0.8859375 0.1921875 0.228125
7 0.61875 0.88359375 0.18125 0.2328125
7 0.8796875 0.884375 0.18125 0.23125
4 0.371875 0.1203125 0.2171875 0.240625
4 0.87421875 0.12109375 0.1921875 0.2421875
4 0.128125 0.38203125 0.23125 0.2328125
4 0.12734375 0.63671875 0.1609375 0.2140625
2 0.384375 0.3859375 0.196875 0.2265625
2 0.6296875 0.38125 0.16875 0.2171875
6 0.87109375 0.3734375 0.2140625 0.240625
6 0.884375 0.63359375 0.196875 0.2359375
6 0.37578125 0.875 0.2046875 0.25
5 0.3796875 0.6296875 0.19375 0.228125