2 0.09296875 0.234375 0.1859375 0.29375
7 0.271875 0.175 0.2734375 0.29375
6 0.51953125 0.128125 0.2796875 0.25625
7 0.76875 0.08984375 0.28125 0.1796875
7 0.115625 0.4859375 0.23125 0.265625
6 0.3515625 0.4203125 0.2609375 0.259375
2 0.59609375 0.34375 0.2703125 0.28125
6 0.82578125 0.28671875 0.275 0.278125
4 0.1703125 0.725 0.2796875 0.2859375
6 0.4109375 0.6453125 0.275 0.2875
5 0.659375 0.5953125 0.25625 0.2796875
2 0.88203125 0.53046875 0.2359375 0.2859375
5 0.246875 0.9125 0.278125 0.175
6 0.47421875 0.87734375 0.2578125 0.2453125
2 0.7203125 0.840625 0.23125 0.2671875
2 0.92265625 0.7796875 0.1546875 0.259375