5 0.7765625 0.909375 0.234375 0.18125
5 0.52890625 0.87421875 0.2671875 0.2515625
5 0.83515625 0.70859375 0.234375 0.2640625
5 0.34765625 0.5859375 0.2375 0.2609375
5 0.4625 0.1234375 0.2625 0.246875
2 0.2984375 0.83671875 0.215625 0.2609375
2 0.6515625 0.4 0.24375 0.2578125
2 0.91484375 0.2078125 0.1703125 0.265625
7 0.09140625 0.7828125 0.1828125 0.2875
7 0.21796875 0.0890625 0.2328125 0.178125
6 0.5859375 0.64140625 0.2046875 0.2578125
6 0.121875 0.54375 0.24375 0.26875
6 0.8859375 0.46328125 0.228125 0.2828125
7 0.40859375 0.3484375 0.2875 0.284375
4 0.16796875 0.29140625 0.2328125 0.259375
4 0.70625 0.159375 0.2640625 0.2859375