5 0.1296875 0.1265625 0.190625 0.21875
5 0.38359375 0.1234375 0.2171875 0.246875
5 0.1265625 0.371875 0.1875 0.228125
5 0.62890625 0.38203125 0.1921875 0.2234375
5 0.625 0.87734375 0.2125 0.2453125
2 0.6203125 0.1265625 0.16875 0.228125
2 0.375 0.63125 0.2 0.21875
2 0.1265625 0.8859375 0.1953125 0.228125
7 0.875 0.12265625 0.2171875 0.2453125
7 0.8765625 0.88203125 0.184375 0.2359375
6 0.384375 0.38125 0.1578125 0.228125
6 0.86640625 0.3703125 0.2140625 0.2265625
6 0.1109375 0.6265625 0.221875 0.2390625
7 0.6234375 0.62734375 0.240625 0.2359375
4 0.8703125 0.62890625 0.1875 0.2234375
4 0.37578125 0.878125 0.2140625 0.24375