2 0.10859375 0.83203125 0.2171875 0.2671875
7 0.32578125 0.85625 0.2421875 0.2671875
6 0.58046875 0.875 0.2484375 0.25
7 0.8375 0.89296875 0.25 0.2140625
7 0.11640625 0.57421875 0.2171875 0.240625
6 0.365625 0.60234375 0.234375 0.2328125
2 0.61875 0.6390625 0.240625 0.2546875
6 0.8546875 0.66015625 0.2453125 0.25
4 0.1390625 0.3296875 0.25 0.2578125
6 0.38984375 0.3703125 0.24375 0.2609375
5 0.6421875 0.38046875 0.225 0.25625
2 0.884375 0.40703125 0.23125 0.2578125
5 0.178125 0.103125 0.25 0.20625
6 0.41171875 0.12109375 0.2265625 0.2421875
2 0.66484375 0.12890625 0.2015625 0.2453125
2 0.90546875 0.14921875 0.1890625 0.2359375