5 0.8640625 0.8796875 0.19375 0.221875
5 0.609375 0.8765625 0.221875 0.246875
5 0.87109375 0.634375 0.1921875 0.23125
5 0.36875 0.615625 0.1953125 0.2265625
5 0.38046875 0.121875 0.2171875 0.24375
2 0.3734375 0.87109375 0.1734375 0.23125
2 0.62734375 0.37109375 0.203125 0.221875
2 0.88046875 0.1203125 0.2 0.23125
7 0.11875 0.87109375 0.221875 0.2484375
7 0.13046875 0.115625 0.1890625 0.23125
6 0.61328125 0.62109375 0.1625 0.23125
6 0.13125 0.6234375 0.21875 0.2296875
6 0.8890625 0.38046875 0.221875 0.2421875
7 0.37890625 0.3703125 0.2453125 0.240625
4 0.13203125 0.36484375 0.190625 0.2265625
4 0.63046875 0.12421875 0.21875 0.246875