7 0.121875 0.13671875 0.190625 0.2046875
7 0.8640625 0.375 0.178125 0.2390625
5 0.375 0.12109375 0.16875 0.2234375
5 0.1171875 0.3734375 0.2171875 0.24375
5 0.6265625 0.37109375 0.184375 0.2140625
5 0.1265625 0.61484375 0.2078125 0.2328125
5 0.87578125 0.621875 0.1703125 0.228125
4 0.62734375 0.1203125 0.1703125 0.2390625
4 0.63046875 0.62890625 0.1921875 0.2328125
4 0.13203125 0.88203125 0.1828125 0.2359375
4 0.3703125 0.88203125 0.178125 0.2359375
4 0.63515625 0.878125 0.1859375 0.24375
6 0.871875 0.1140625 0.1765625 0.228125
6 0.37265625 0.3796875 0.1734375 0.221875
6 0.875 0.88203125 0.16875 0.2359375
2 0.3703125 0.62734375 0.1859375 0.2359375