4 0.0890625 0.7921875 0.178125 0.278125
2 0.31015625 0.8421875 0.275 0.28125
5 0.55 0.87578125 0.246875 0.2484375
4 0.796875 0.89921875 0.290625 0.2015625
5 0.11484375 0.55390625 0.2296875 0.2671875
7 0.35546875 0.59921875 0.2734375 0.271875
6 0.596875 0.6421875 0.2578125 0.2609375
7 0.8546875 0.69140625 0.2734375 0.2796875
5 0.16015625 0.29921875 0.25625 0.2515625
5 0.40234375 0.3375 0.2515625 0.2796875
6 0.64140625 0.409375 0.2546875 0.265625
6 0.88671875 0.4390625 0.2265625 0.25
2 0.20703125 0.1015625 0.2484375 0.203125
2 0.4421875 0.1171875 0.2375 0.234375
5 0.690625 0.15703125 0.2296875 0.284375
2 0.91640625 0.2 0.1671875 0.271875