7 0.81640625 0.90078125 0.2203125 0.1984375
7 0.12109375 0.56640625 0.2140625 0.2640625
5 0.56328125 0.88515625 0.2015625 0.2296875
5 0.85859375 0.68515625 0.253125 0.275
5 0.3546875 0.6078125 0.215625 0.240625
5 0.8828125 0.4453125 0.234375 0.2625
5 0.14765625 0.32109375 0.203125 0.2515625
4 0.31484375 0.85546875 0.20625 0.2625
4 0.39140625 0.35234375 0.2265625 0.259375
4 0.90703125 0.18046875 0.1859375 0.2609375
4 0.6875 0.14296875 0.2125 0.2609375
4 0.425 0.1203125 0.221875 0.240625
6 0.08828125 0.821875 0.1765625 0.253125
6 0.60703125 0.6390625 0.20625 0.246875
6 0.1890625 0.096875 0.203125 0.19375
2 0.64765625 0.39453125 0.2203125 0.2625