4 0.09296875 0.1921875 0.1859375 0.271875
2 0.321875 0.1515625 0.2671875 0.2734375
5 0.56484375 0.1234375 0.2390625 0.246875
4 0.8109375 0.10390625 0.284375 0.2078125
5 0.1140625 0.43125 0.228125 0.2625
7 0.359375 0.39609375 0.265625 0.2640625
6 0.6015625 0.36171875 0.2515625 0.2546875
7 0.8609375 0.32109375 0.265625 0.2734375
5 0.153125 0.68828125 0.25 0.2453125
5 0.396875 0.65859375 0.2453125 0.2734375
6 0.63828125 0.5953125 0.2484375 0.259375
6 0.88671875 0.5734375 0.2265625 0.24375
2 0.1921875 0.89375 0.240625 0.2125
2 0.42890625 0.8828125 0.2296875 0.234375
5 0.67890625 0.85 0.221875 0.278125
2 0.9125 0.81484375 0.175 0.2671875