7 0.09765625 0.17109375 0.1953125 0.2203125
7 0.8515625 0.34375 0.1984375 0.253125
5 0.3421875 0.13359375 0.1875 0.2375
5 0.11328125 0.40625 0.2265625 0.2625
5 0.61484375 0.3609375 0.2015625 0.2296875
5 0.13828125 0.646875 0.2265625 0.25
5 0.88515625 0.58828125 0.1890625 0.2421875
4 0.59375 0.11875 0.190625 0.2375
4 0.64140625 0.6171875 0.2125 0.2484375
4 0.165625 0.89296875 0.203125 0.2140625
4 0.40390625 0.88359375 0.1984375 0.2328125
4 0.66796875 0.86484375 0.20625 0.259375
6 0.83671875 0.1015625 0.1953125 0.203125
6 0.3625 0.39140625 0.1921875 0.2359375
6 0.90625 0.846875 0.1875 0.25
2 0.38203125 0.63828125 0.20625 0.2515625