7 0.10234375 0.1640625 0.2046875 0.26875
4 0.34453125 0.1421875 0.2375 0.25
5 0.5921875 0.121875 0.240625 0.24375
7 0.828125 0.10390625 0.240625 0.2078125
4 0.1234375 0.421875 0.2421875 0.240625
2 0.3640625 0.38671875 0.25625 0.26875
6 0.61171875 0.3640625 0.2421875 0.2640625
5 0.8765625 0.3421875 0.2421875 0.2640625
5 0.14453125 0.6640625 0.240625 0.25
2 0.39921875 0.63671875 0.24375 0.2515625
2 0.63203125 0.6203125 0.225 0.25625
4 0.8859375 0.59609375 0.2109375 0.2375
6 0.1625 0.89140625 0.228125 0.2171875
5 0.4078125 0.8875 0.178125 0.225
5 0.66015625 0.86328125 0.2015625 0.2640625
5 0.89609375 0.8375 0.2078125 0.271875