5 0.0875 0.83046875 0.175 0.2609375
5 0.6125 0.63203125 0.2484375 0.246875
5 0.84765625 0.665625 0.225 0.2453125
6 0.325 0.8609375 0.20625 0.2609375
6 0.8234375 0.890625 0.259375 0.21875
6 0.89296875 0.421875 0.2140625 0.240625
6 0.66953125 0.1375 0.2578125 0.265625
2 0.57265625 0.8796875 0.2140625 0.240625
2 0.11796875 0.57265625 0.215625 0.259375
2 0.36328125 0.60234375 0.2125 0.24375
2 0.1546875 0.32578125 0.2359375 0.25625
2 0.38984375 0.36015625 0.2140625 0.2484375
2 0.1703125 0.096875 0.2 0.19375
4 0.63125 0.3875 0.2296875 0.246875
7 0.4234375 0.1171875 0.228125 0.234375
7 0.90078125 0.16796875 0.1984375 0.2609375