7 0.8796875 0.8625 0.2015625 0.25625
4 0.6296875 0.86796875 0.2234375 0.234375
5 0.38125 0.87109375 0.2265625 0.2296875
7 0.14453125 0.8875 0.225 0.225
4 0.86953125 0.6046875 0.2265625 0.225
2 0.628125 0.62265625 0.240625 0.253125
6 0.37890625 0.628125 0.2265625 0.2484375
5 0.11328125 0.63125 0.2265625 0.2484375
5 0.86640625 0.3609375 0.2265625 0.234375
2 0.61015625 0.37109375 0.2296875 0.2359375
2 0.3765625 0.37109375 0.209375 0.2421875
4 0.121875 0.3765625 0.1953125 0.225
6 0.8640625 0.1171875 0.2125 0.234375
5 0.61953125 0.11328125 0.1640625 0.2265625
5 0.365625 0.1265625 0.1859375 0.2515625
5 0.11171875 0.13359375 0.2234375 0.2578125