7 0.1265625 0.13125 0.196875 0.253125
4 0.3765625 0.1296875 0.21875 0.23125
5 0.625 0.13125 0.221875 0.2265625
7 0.8625 0.11875 0.221875 0.221875
4 0.13203125 0.3890625 0.2234375 0.221875
2 0.37421875 0.375 0.2359375 0.2484375
6 0.6234375 0.37421875 0.221875 0.2453125
5 0.8890625 0.37578125 0.221875 0.2453125
5 0.13125 0.6328125 0.221875 0.23125
2 0.3875 0.62734375 0.225 0.2328125
2 0.62109375 0.63125 0.2046875 0.2390625
4 0.87578125 0.6296875 0.1921875 0.221875
6 0.12890625 0.88046875 0.2078125 0.2390625
5 0.3734375 0.8859375 0.159375 0.228125
5 0.628125 0.87578125 0.18125 0.2484375
5 0.8859375 0.8734375 0.2265625 0.253125