2 0.81171875 0.10625 0.2671875 0.2125
2 0.5640625 0.12109375 0.2375 0.2421875
6 0.3171875 0.16328125 0.2109375 0.2375
2 0.0890625 0.19375 0.178125 0.25625
6 0.84765625 0.3375 0.2265625 0.2375
5 0.60390625 0.36640625 0.2609375 0.259375
5 0.35546875 0.39765625 0.2265625 0.26875
6 0.1171875 0.4515625 0.234375 0.265625
6 0.89296875 0.5796875 0.2140625 0.24375
6 0.6390625 0.60703125 0.25625 0.2640625
4 0.390625 0.65 0.2234375 0.2484375
2 0.15 0.70390625 0.2328125 0.2421875
5 0.90859375 0.825 0.1828125 0.25
4 0.6953125 0.8625 0.2203125 0.25
7 0.44296875 0.87265625 0.2390625 0.2546875
7 0.19375 0.9046875 0.246875 0.190625