2 0.10078125 0.19609375 0.2015625 0.2859375
2 0.31328125 0.15546875 0.240625 0.2609375
6 0.56328125 0.12265625 0.2140625 0.240625
2 0.81328125 0.09921875 0.2359375 0.1984375
6 0.11875 0.459375 0.2296875 0.240625
5 0.35859375 0.4078125 0.2640625 0.2625
5 0.603125 0.35625 0.2296875 0.271875
6 0.85234375 0.32734375 0.25 0.26875
6 0.14375 0.7078125 0.2390625 0.246875
6 0.40390625 0.64609375 0.259375 0.2671875
4 0.65234375 0.60625 0.2265625 0.2515625
2 0.8890625 0.578125 0.221875 0.24375
5 0.19453125 0.9109375 0.2359375 0.178125
4 0.43359375 0.88984375 0.2234375 0.2203125
7 0.6796875 0.84765625 0.2421875 0.284375
7 0.90390625 0.815625 0.1921875 0.2625