2 0.125 0.125 0.23125 0.25
2 0.37578125 0.128125 0.2046875 0.228125
6 0.628125 0.1390625 0.1796875 0.2125
2 0.884375 0.1296875 0.2 0.228125
6 0.13125 0.39375 0.196875 0.209375
5 0.3765625 0.384375 0.228125 0.2265625
5 0.6265625 0.3765625 0.190625 0.2421875
6 0.8765625 0.39140625 0.2125 0.2359375
6 0.11328125 0.64296875 0.2046875 0.2140625
6 0.3796875 0.62734375 0.221875 0.2328125
4 0.63125 0.63125 0.190625 0.221875
2 0.87734375 0.646875 0.2015625 0.2125
5 0.121875 0.8890625 0.2 0.221875
4 0.3640625 0.88828125 0.1875 0.2234375
7 0.61640625 0.8734375 0.2015625 0.253125
7 0.87109375 0.8859375 0.2140625 0.228125