5 0.12734375 0.1359375 0.2140625 0.2265625
6 0.36875 0.13359375 0.2265625 0.2328125
4 0.63203125 0.134375 0.2046875 0.2171875
5 0.8734375 0.12109375 0.221875 0.2328125
5 0.13046875 0.384375 0.2015625 0.2265625
6 0.36640625 0.38125 0.1828125 0.23125
5 0.6203125 0.384375 0.240625 0.23125
5 0.871875 0.38984375 0.221875 0.2328125
5 0.1375 0.6328125 0.1875 0.221875
2 0.36171875 0.6421875 0.2140625 0.23125
5 0.628125 0.6359375 0.2078125 0.209375
2 0.88359375 0.6421875 0.1921875 0.2078125
4 0.128125 0.88046875 0.18125 0.2390625
6 0.3765625 0.89296875 0.178125 0.2140625
2 0.634375 0.8859375 0.196875 0.228125
6 0.8703125 0.88203125 0.2 0.2359375