5 0.90234375 0.20546875 0.1953125 0.2609375
6 0.69296875 0.16171875 0.2640625 0.26875
4 0.43359375 0.12109375 0.2390625 0.2421875
5 0.196875 0.09765625 0.259375 0.1953125
5 0.8828125 0.44921875 0.234375 0.2578125
6 0.65234375 0.40625 0.2203125 0.259375
5 0.4015625 0.365625 0.2765625 0.26875
5 0.153125 0.3265625 0.259375 0.2671875
5 0.83359375 0.69375 0.2234375 0.2515625
2 0.61171875 0.6640625 0.2515625 0.265625
5 0.35 0.61171875 0.240625 0.2421875
2 0.1046875 0.5734375 0.209375 0.2375
4 0.79921875 0.90234375 0.2203125 0.1953125
6 0.553125 0.89375 0.2125 0.2125
2 0.30078125 0.85703125 0.2328125 0.259375
6 0.09375 0.81171875 0.1875 0.2671875