6 0.8046875 0.09921875 0.246875 0.1984375
6 0.57109375 0.11875 0.2046875 0.2375
6 0.89375 0.5640625 0.2125 0.253125
6 0.65390625 0.60625 0.2265625 0.25625
6 0.91015625 0.8046875 0.1796875 0.278125
6 0.2015625 0.91171875 0.20625 0.1765625
7 0.30859375 0.1546875 0.225 0.2578125
7 0.43671875 0.88515625 0.1796875 0.2296875
5 0.08125 0.20390625 0.1625 0.2484375
5 0.159375 0.68984375 0.196875 0.2515625
4 0.84609375 0.31015625 0.2359375 0.2828125
4 0.59765625 0.3546875 0.25 0.2625
4 0.10390625 0.453125 0.20625 0.25
4 0.40234375 0.64921875 0.2015625 0.25625
4 0.69375 0.8515625 0.2078125 0.265625
2 0.34921875 0.390625 0.259375 0.2671875