6 0.12265625 0.12109375 0.2078125 0.2421875
6 0.3609375 0.125 0.165625 0.2390625
6 0.1234375 0.63125 0.1765625 0.2265625
6 0.3671875 0.63125 0.190625 0.2265625
6 0.12421875 0.87578125 0.1890625 0.2484375
6 0.87109375 0.8890625 0.1703125 0.221875
7 0.628125 0.1265625 0.1875 0.228125
7 0.63046875 0.88046875 0.1421875 0.2328125
5 0.8796875 0.13203125 0.165625 0.2234375
5 0.86875 0.628125 0.159375 0.2265625
4 0.1265625 0.3734375 0.1953125 0.253125
4 0.37890625 0.3734375 0.2140625 0.228125
4 0.88203125 0.38515625 0.1703125 0.2234375
4 0.621875 0.6296875 0.1640625 0.23125
4 0.3703125 0.8796875 0.16875 0.240625
2 0.6296875 0.36640625 0.221875 0.2328125