5 0.909375 0.2359375 0.18125 0.271875
6 0.715625 0.1765625 0.2765625 0.28125
4 0.46015625 0.121875 0.2515625 0.24375
5 0.2296875 0.090625 0.271875 0.18125
5 0.88046875 0.4765625 0.2390625 0.26875
6 0.65859375 0.4171875 0.2328125 0.26875
5 0.4109375 0.35859375 0.2890625 0.2828125
5 0.165625 0.303125 0.271875 0.2796875
5 0.81953125 0.71640625 0.2359375 0.2609375
2 0.6 0.67109375 0.2640625 0.2765625
5 0.34296875 0.60078125 0.2515625 0.253125
2 0.10625 0.54453125 0.2125 0.2484375
4 0.76875 0.91015625 0.234375 0.1796875
6 0.525 0.8921875 0.225 0.215625
2 0.2765625 0.8421875 0.246875 0.26875
6 0.08671875 0.78046875 0.1734375 0.2765625