6 0.10625 0.140625 0.2125 0.253125
6 0.34140625 0.1328125 0.178125 0.246875
6 0.13046875 0.65078125 0.1875 0.2359375
6 0.37421875 0.63828125 0.2015625 0.2359375
6 0.14453125 0.8828125 0.2015625 0.234375
6 0.890625 0.86875 0.18125 0.23125
7 0.60859375 0.1203125 0.1984375 0.2375
7 0.65 0.8734375 0.1546875 0.240625
5 0.86015625 0.1140625 0.1765625 0.228125
5 0.875 0.60859375 0.1703125 0.234375
4 0.1203125 0.39296875 0.2078125 0.2625
4 0.37265625 0.3796875 0.225 0.2390625
4 0.87578125 0.365625 0.18125 0.2328125
4 0.628125 0.6234375 0.1765625 0.2390625
4 0.390625 0.88046875 0.18125 0.2390625
2 0.62265625 0.36015625 0.234375 0.24375