5 0.12734375 0.125 0.1921875 0.24375
5 0.378125 0.12109375 0.209375 0.2359375
5 0.8796875 0.11796875 0.190625 0.2359375
5 0.1265625 0.63515625 0.1640625 0.2234375
4 0.61484375 0.125 0.1421875 0.23125
4 0.121875 0.3765625 0.196875 0.240625
4 0.621875 0.38203125 0.1875 0.2328125
4 0.36953125 0.875 0.2046875 0.25
4 0.621875 0.878125 0.178125 0.24375
6 0.37265625 0.3765625 0.2046875 0.2421875
6 0.36484375 0.63125 0.1609375 0.23125
7 0.86953125 0.3765625 0.2140625 0.23125
2 0.63125 0.628125 0.18125 0.2265625
2 0.884375 0.63046875 0.18125 0.2328125
6 0.87578125 0.884375 0.1921875 0.23125