5 0.909375 0.79609375 0.18125 0.2765625
5 0.6921875 0.8484375 0.25 0.271875
5 0.19921875 0.90625 0.2328125 0.1875
5 0.840625 0.29609375 0.203125 0.25
4 0.4578125 0.88125 0.184375 0.2375
4 0.8875 0.54921875 0.225 0.2734375
4 0.403125 0.6390625 0.228125 0.2640625
4 0.55546875 0.12421875 0.2484375 0.2484375
4 0.30859375 0.15234375 0.221875 0.2734375
6 0.6484375 0.596875 0.246875 0.2765625
6 0.6078125 0.3453125 0.2015625 0.2578125
7 0.1609375 0.69140625 0.2546875 0.2671875
2 0.346875 0.39921875 0.221875 0.25625
2 0.10390625 0.4453125 0.2078125 0.2625
6 0.08671875 0.19453125 0.1734375 0.2640625