5 0.89609375 0.8484375 0.2078125 0.25625
5 0.64765625 0.86953125 0.225 0.25
5 0.146875 0.89140625 0.20625 0.2171875
5 0.86328125 0.3390625 0.1796875 0.234375
4 0.41171875 0.88046875 0.1578125 0.2390625
4 0.8859375 0.596875 0.2125 0.253125
4 0.38671875 0.6265625 0.203125 0.2453125
4 0.603125 0.12421875 0.221875 0.2484375
4 0.35234375 0.13125 0.1953125 0.25625
6 0.6359375 0.6140625 0.2203125 0.25625
6 0.62578125 0.359375 0.1765625 0.2421875
7 0.13984375 0.64921875 0.2296875 0.2453125
2 0.36015625 0.38125 0.196875 0.2390625
2 0.1078125 0.396875 0.196875 0.2453125
6 0.10078125 0.1421875 0.2015625 0.24375