5 0.91484375 0.85703125 0.1703125 0.2453125
6 0.79296875 0.80859375 0.0625 0.128125
7 0.64453125 0.865625 0.20625 0.2328125
6 0.3984375 0.87421875 0.215625 0.228125
4 0.14765625 0.884375 0.2328125 0.23125
5 0.88671875 0.6015625 0.2234375 0.2375
6 0.634375 0.61484375 0.225 0.2546875
6 0.378125 0.6234375 0.1796875 0.225
4 0.1375 0.6421875 0.2046875 0.2421875
7 0.87421875 0.34609375 0.203125 0.2359375
6 0.62421875 0.36015625 0.2515625 0.240625
4 0.36640625 0.375 0.21875 0.234375
5 0.12265625 0.3875 0.2140625 0.246875
5 0.865625 0.1109375 0.221875 0.221875
7 0.60859375 0.11484375 0.2078125 0.2296875
4 0.3484375 0.12578125 0.2265625 0.246875
4 0.11484375 0.14296875 0.2296875 0.2578125