7 0.0875 0.80078125 0.175 0.2640625
7 0.68828125 0.1453125 0.215625 0.2640625
6 0.31328125 0.840625 0.259375 0.2671875
6 0.55859375 0.8796875 0.2140625 0.240625
6 0.809375 0.8984375 0.25 0.203125
6 0.12578125 0.5625 0.2203125 0.26875
6 0.36875 0.59453125 0.2359375 0.259375
6 0.85 0.67890625 0.24375 0.2609375
6 0.19609375 0.090625 0.2078125 0.18125
5 0.60234375 0.64296875 0.2328125 0.265625
5 0.39453125 0.35390625 0.2453125 0.265625
2 0.9046875 0.1890625 0.190625 0.26875
4 0.1515625 0.31015625 0.253125 0.25625
4 0.65 0.396875 0.246875 0.26875
4 0.88515625 0.4328125 0.2296875 0.24375
4 0.45 0.11484375 0.21875 0.2296875