7 0.8546875 0.115625 0.19375 0.23125
7 0.396875 0.8828125 0.190625 0.234375
6 0.60546875 0.12578125 0.234375 0.24375
6 0.35625 0.13828125 0.1890625 0.23125
6 0.10703125 0.1484375 0.2140625 0.246875
6 0.85078125 0.3546875 0.19375 0.25
6 0.60625 0.37890625 0.2109375 0.2375
6 0.11875 0.40390625 0.21875 0.2390625
6 0.8953125 0.86484375 0.18125 0.2359375
5 0.36796875 0.384375 0.2078125 0.2453125
5 0.63515625 0.61875 0.2203125 0.24375
2 0.1546875 0.8875 0.20625 0.225
4 0.88203125 0.60703125 0.228125 0.2328125
4 0.37734375 0.63359375 0.221875 0.246875
4 0.1328125 0.65390625 0.2234375 0.2203125
4 0.6390625 0.87734375 0.19375 0.240625