5 0.11796875 0.890625 0.1984375 0.21875
6 0.246875 0.8421875 0.0640625 0.128125
7 0.4015625 0.88046875 0.2109375 0.2359375
6 0.646875 0.859375 0.21875 0.23125
4 0.8890625 0.84375 0.221875 0.24375
5 0.128125 0.6484375 0.228125 0.240625
6 0.38046875 0.63046875 0.2296875 0.2578125
6 0.6359375 0.6078125 0.1828125 0.228125
4 0.87734375 0.596875 0.2078125 0.2453125
7 0.109375 0.39296875 0.2078125 0.2390625
6 0.36015625 0.3765625 0.25625 0.24375
4 0.6171875 0.359375 0.2234375 0.2375
5 0.8609375 0.3421875 0.2171875 0.25
5 0.1 0.1453125 0.2 0.25
7 0.34375 0.12578125 0.2109375 0.24375
4 0.60390625 0.1171875 0.2296875 0.234375
4 0.85078125 0.11328125 0.2609375 0.2265625