5 0.0765625 0.8265625 0.153125 0.25625
6 0.1859375 0.7875 0.0703125 0.13125
7 0.33125 0.8546875 0.2203125 0.2453125
6 0.575 0.8796875 0.2296875 0.240625
4 0.82421875 0.89296875 0.2484375 0.2140625
5 0.11328125 0.5734375 0.2265625 0.25
6 0.3578125 0.60546875 0.240625 0.2671875
6 0.61328125 0.63125 0.19375 0.2359375
4 0.8515625 0.66640625 0.21875 0.2546875
7 0.1375 0.31953125 0.21875 0.2484375
6 0.3859375 0.35234375 0.2671875 0.25625
4 0.6421875 0.384375 0.2328125 0.246875
5 0.884375 0.4140625 0.228125 0.259375
5 0.16328125 0.1015625 0.2359375 0.203125
7 0.41875 0.11484375 0.221875 0.2296875
4 0.67734375 0.13671875 0.240625 0.2609375
4 0.8921875 0.17109375 0.215625 0.2734375