5 0.09140625 0.12109375 0.1828125 0.2359375
6 0.2234375 0.1765625 0.05625 0.125
7 0.375 0.12734375 0.1953125 0.2234375
6 0.62109375 0.13125 0.2046875 0.2171875
4 0.871875 0.1296875 0.221875 0.228125
5 0.11875 0.378125 0.2125 0.2265625
6 0.371875 0.378125 0.2125 0.24375
6 0.628125 0.3828125 0.16875 0.2171875
4 0.86953125 0.37734375 0.1921875 0.2328125
7 0.11796875 0.634375 0.1921875 0.2265625
6 0.36875 0.6328125 0.240625 0.228125
4 0.6265625 0.63203125 0.2078125 0.2234375
5 0.87109375 0.63203125 0.2015625 0.2359375
5 0.1140625 0.88203125 0.209375 0.2359375
7 0.3703125 0.884375 0.1953125 0.23125
4 0.63203125 0.88203125 0.2140625 0.2359375
4 0.878125 0.87734375 0.24375 0.2453125