7 0.83359375 0.1078125 0.2046875 0.215625
7 0.41640625 0.8828125 0.2015625 0.234375
6 0.58515625 0.12421875 0.2453125 0.2484375
6 0.3375 0.14609375 0.2 0.2390625
6 0.10078125 0.1703125 0.2015625 0.25625
6 0.84296875 0.33671875 0.2046875 0.2578125
6 0.6 0.3734375 0.2234375 0.2484375
6 0.11484375 0.42421875 0.2296875 0.2484375
6 0.90859375 0.8421875 0.1828125 0.24375
5 0.3625 0.39140625 0.21875 0.2546875
5 0.6421875 0.61171875 0.23125 0.253125
2 0.17578125 0.89375 0.2171875 0.2125
4 0.88359375 0.5859375 0.2328125 0.24375
4 0.384375 0.63984375 0.2328125 0.25625
4 0.14140625 0.67265625 0.2328125 0.2296875
4 0.65859375 0.86953125 0.2046875 0.2484375