5 0.07109375 0.80234375 0.1421875 0.2640625
6 0.17109375 0.7703125 0.0765625 0.1328125
7 0.31328125 0.8453125 0.23125 0.2546875
6 0.55546875 0.87890625 0.2390625 0.2421875
4 0.80078125 0.8984375 0.2578125 0.203125
5 0.11328125 0.553125 0.2265625 0.259375
6 0.35234375 0.59765625 0.2515625 0.2765625
6 0.60625 0.63671875 0.203125 0.24375
4 0.84296875 0.68515625 0.2296875 0.2625
7 0.146875 0.30078125 0.228125 0.25625
6 0.39375 0.34609375 0.2765625 0.2671875
4 0.6484375 0.3921875 0.24375 0.25625
5 0.884375 0.43359375 0.23125 0.2671875
5 0.1859375 0.0953125 0.246875 0.190625
7 0.43984375 0.11484375 0.2328125 0.2296875
4 0.69609375 0.146875 0.2515625 0.26875
4 0.8984375 0.19375 0.203125 0.284375