7 0.91328125 0.2046875 0.1734375 0.265625
7 0.30625 0.8515625 0.2203125 0.265625
6 0.69296875 0.1625 0.2625 0.2703125
6 0.44765625 0.11953125 0.2171875 0.2390625
6 0.1984375 0.09921875 0.253125 0.1984375
6 0.875 0.44375 0.2234375 0.2703125
6 0.6328125 0.4078125 0.240625 0.2625
6 0.15390625 0.31484375 0.246875 0.2640625
6 0.79453125 0.9109375 0.2109375 0.178125
5 0.40078125 0.35546875 0.2375 0.26875
5 0.603125 0.6484375 0.2484375 0.26875
2 0.09296875 0.803125 0.1859375 0.271875
4 0.8453125 0.69609375 0.25625 0.259375
4 0.3484375 0.6 0.25 0.271875
4 0.11484375 0.56015625 0.2296875 0.2453125
4 0.5421875 0.884375 0.221875 0.23125