7 0.125 0.12734375 0.18125 0.2359375
7 0.6234375 0.88203125 0.178125 0.2359375
6 0.375 0.13203125 0.221875 0.2328125
6 0.625 0.13125 0.178125 0.221875
6 0.8796875 0.12890625 0.2125 0.2359375
6 0.1421875 0.3734375 0.18125 0.240625
6 0.3875 0.384375 0.2 0.228125
6 0.875 0.384375 0.2078125 0.228125
6 0.12421875 0.884375 0.1703125 0.2265625
5 0.625 0.37734375 0.1953125 0.2359375
5 0.3703125 0.62578125 0.2078125 0.2328125
2 0.865625 0.88046875 0.19375 0.2390625
4 0.1234375 0.6265625 0.2171875 0.221875
4 0.6296875 0.62734375 0.209375 0.2359375
4 0.875 0.634375 0.2125 0.209375
4 0.38125 0.884375 0.18125 0.23125