7 0.1234375 0.12734375 0.1859375 0.2234375
7 0.38125 0.3703125 0.178125 0.2390625
7 0.628125 0.3859375 0.1875 0.2171875
7 0.88125 0.375 0.1953125 0.2390625
7 0.13125 0.6296875 0.209375 0.2421875
7 0.634375 0.6234375 0.18125 0.1953125
6 0.3703125 0.12265625 0.1875 0.2453125
6 0.63125 0.12890625 0.18125 0.2234375
6 0.875 0.1265625 0.1765625 0.21875
6 0.1375 0.37890625 0.209375 0.2328125
6 0.37734375 0.6203125 0.2140625 0.2390625
6 0.865625 0.878125 0.18125 0.24375
2 0.875 0.6359375 0.209375 0.2265625
2 0.375 0.890625 0.190625 0.21875
2 0.634375 0.88203125 0.178125 0.2359375
4 0.128125 0.884375 0.178125 0.23125