7 0.84921875 0.11015625 0.2015625 0.2203125
7 0.609375 0.3625 0.19375 0.2515625
7 0.3640625 0.3953125 0.2015625 0.2296875
7 0.1109375 0.4015625 0.2109375 0.2515625
7 0.8765625 0.60390625 0.225 0.25625
7 0.37421875 0.6328125 0.19375 0.2078125
6 0.60234375 0.121875 0.2046875 0.24375
6 0.34296875 0.1390625 0.196875 0.2359375
6 0.1 0.15390625 0.190625 0.23125
6 0.853125 0.35390625 0.225 0.246875
6 0.63046875 0.61171875 0.2296875 0.253125
6 0.16171875 0.88671875 0.1984375 0.2265625
2 0.13515625 0.66171875 0.225 0.240625
2 0.6515625 0.88125 0.2046875 0.23125
2 0.3921875 0.8828125 0.19375 0.234375
4 0.89765625 0.8578125 0.19375 0.24375