2 0.09140625 0.21875 0.1828125 0.284375
7 0.31953125 0.15703125 0.24375 0.278125
2 0.5390625 0.12265625 0.253125 0.2453125
2 0.78671875 0.0953125 0.2640625 0.190625
5 0.1296875 0.4578125 0.259375 0.284375
2 0.35546875 0.4078125 0.246875 0.271875
5 0.59140625 0.35703125 0.253125 0.2796875
2 0.8484375 0.29921875 0.2421875 0.26875
6 0.16328125 0.70703125 0.259375 0.2859375
6 0.41484375 0.64609375 0.25 0.2859375
4 0.6515625 0.60859375 0.2484375 0.275
7 0.88828125 0.5421875 0.2234375 0.259375
6 0.2296875 0.91640625 0.240625 0.1671875
4 0.46640625 0.8828125 0.2296875 0.234375
4 0.71640625 0.84609375 0.2578125 0.26875
2 0.91015625 0.790625 0.1796875 0.271875