2 0.9109375 0.76484375 0.178125 0.2890625
7 0.6921875 0.83671875 0.2515625 0.2828125
2 0.4734375 0.87578125 0.259375 0.2484375
2 0.228125 0.9078125 0.26875 0.184375
5 0.86875 0.528125 0.2625 0.290625
2 0.64765625 0.5875 0.253125 0.2765625
5 0.4140625 0.64609375 0.259375 0.284375
2 0.159375 0.7125 0.2484375 0.2734375
6 0.8296875 0.28125 0.265625 0.290625
6 0.5796875 0.35078125 0.2578125 0.290625
4 0.34453125 0.396875 0.2546875 0.2796875
7 0.1125 0.47109375 0.225 0.2640625
6 0.753125 0.08046875 0.246875 0.1609375
4 0.51875 0.1171875 0.234375 0.234375
4 0.271875 0.16171875 0.2640625 0.2734375
2 0.08671875 0.225 0.1734375 0.278125