7 0.91875 0.7703125 0.1625 0.2625
7 0.646875 0.596875 0.23125 0.275
7 0.403125 0.64140625 0.234375 0.25625
7 0.16015625 0.71328125 0.246875 0.2796875
7 0.8265625 0.28515625 0.2625 0.2859375
7 0.33984375 0.4125 0.2234375 0.2328125
6 0.7171875 0.834375 0.240625 0.2828125
6 0.46171875 0.88046875 0.2296875 0.2390625
6 0.2265625 0.9125 0.225 0.175
6 0.87578125 0.52890625 0.2484375 0.2765625
6 0.58984375 0.35390625 0.265625 0.284375
6 0.08515625 0.22109375 0.1703125 0.2796875
2 0.115625 0.45859375 0.23125 0.2703125
2 0.5265625 0.109375 0.2375 0.21875
2 0.27734375 0.16171875 0.2296875 0.271875
4 0.7671875 0.08515625 0.228125 0.1703125