6 0.09140625 0.2140625 0.1828125 0.28125
6 0.29375 0.16484375 0.2734375 0.2890625
2 0.540625 0.12578125 0.265625 0.2515625
6 0.79453125 0.09375 0.2328125 0.1875
5 0.115625 0.46796875 0.23125 0.2796875
6 0.34921875 0.40234375 0.2265625 0.278125
7 0.59375 0.353125 0.2421875 0.228125
2 0.8328125 0.3046875 0.2625 0.284375
6 0.16171875 0.715625 0.2625 0.265625
5 0.4 0.659375 0.25625 0.2890625
4 0.64921875 0.603125 0.2703125 0.2671875
6 0.88046875 0.5515625 0.2390625 0.28125
6 0.2140625 0.9203125 0.221875 0.159375
5 0.46015625 0.88359375 0.2421875 0.2328125
7 0.70390625 0.8359375 0.2875 0.3
6 0.9125 0.79765625 0.175 0.2578125