6 0.121875 0.11953125 0.2265625 0.2359375
6 0.37421875 0.12734375 0.2234375 0.2453125
2 0.628125 0.125 0.215625 0.25
6 0.88828125 0.128125 0.1828125 0.240625
5 0.12265625 0.3796875 0.2046875 0.2390625
6 0.375 0.37109375 0.1765625 0.2453125
7 0.62421875 0.378125 0.2046875 0.1875
2 0.86796875 0.384375 0.2140625 0.2421875
6 0.121875 0.634375 0.21875 0.221875
5 0.36640625 0.6328125 0.2046875 0.25
4 0.621875 0.634375 0.2265625 0.221875
6 0.8765625 0.63984375 0.2265625 0.2359375
6 0.1171875 0.8875 0.178125 0.2125
5 0.3703125 0.88359375 0.1953125 0.2328125
7 0.62265625 0.8734375 0.2359375 0.253125
6 0.8671875 0.890625 0.1953125 0.21875