7 0.8359375 0.10859375 0.20625 0.2171875
7 0.5890625 0.12421875 0.234375 0.2484375
7 0.865625 0.3546875 0.2171875 0.2515625
2 0.34296875 0.1546875 0.18125 0.2234375
2 0.1234375 0.42109375 0.21875 0.23125
2 0.6375 0.61953125 0.196875 0.240625
2 0.13671875 0.66484375 0.1828125 0.2359375
6 0.09921875 0.16328125 0.1984375 0.2453125
6 0.8875 0.59609375 0.225 0.2453125
4 0.625 0.37265625 0.2046875 0.234375
4 0.35859375 0.3890625 0.2078125 0.2515625
4 0.38203125 0.63828125 0.20625 0.2390625
4 0.4125 0.88671875 0.203125 0.2265625
4 0.15546875 0.89140625 0.2078125 0.2171875
5 0.890625 0.83984375 0.21875 0.2703125
5 0.65625 0.865625 0.2078125 0.259375