7 0.1296875 0.1265625 0.1875 0.228125
7 0.37734375 0.1296875 0.2140625 0.2390625
7 0.1234375 0.38671875 0.196875 0.2359375
2 0.6265625 0.1421875 0.1640625 0.209375
2 0.86796875 0.38828125 0.2015625 0.2140625
2 0.3734375 0.63125 0.178125 0.2265625
2 0.8765625 0.6328125 0.1640625 0.221875
6 0.88046875 0.1296875 0.2015625 0.228125
6 0.11875 0.6296875 0.2125 0.228125
4 0.3640625 0.384375 0.1859375 0.21875
4 0.63125 0.37734375 0.1875 0.2359375
4 0.6296875 0.62734375 0.1875 0.2234375
4 0.621875 0.8859375 0.184375 0.228125
4 0.878125 0.8796875 0.1875 0.240625
5 0.134375 0.8734375 0.209375 0.253125
5 0.3765625 0.878125 0.1875 0.24375