7 0.09140625 0.80234375 0.1828125 0.2578125
7 0.31484375 0.84375 0.2515625 0.271875
7 0.11328125 0.54609375 0.2265625 0.2671875
2 0.5625 0.87421875 0.1984375 0.234375
2 0.84296875 0.67421875 0.2359375 0.2453125
2 0.3984375 0.3484375 0.2140625 0.2546875
2 0.89375 0.434375 0.2 0.246875
6 0.809375 0.9 0.2375 0.2
6 0.146875 0.30625 0.2484375 0.2609375
4 0.34609375 0.590625 0.221875 0.2484375
4 0.6078125 0.64375 0.225 0.265625
4 0.65 0.396875 0.2234375 0.253125
4 0.68671875 0.14140625 0.221875 0.25625
4 0.9125 0.190625 0.175 0.26875
5 0.2046875 0.10546875 0.25 0.2109375
5 0.44296875 0.12109375 0.2265625 0.2421875