5 0.871875 0.8828125 0.2 0.23125
5 0.6140625 0.878125 0.215625 0.2265625
5 0.865625 0.6296875 0.1875 0.234375
5 0.621875 0.61953125 0.1765625 0.221875
5 0.37109375 0.12421875 0.1921875 0.2484375
5 0.13359375 0.1203125 0.1828125 0.240625
7 0.36328125 0.87265625 0.1875 0.2421875
7 0.121875 0.8640625 0.190625 0.225
7 0.38359375 0.3703125 0.215625 0.2265625
6 0.37421875 0.6203125 0.19375 0.2171875
6 0.88515625 0.1234375 0.1875 0.2359375
2 0.12421875 0.6140625 0.1359375 0.2140625
4 0.88515625 0.37890625 0.2015625 0.24375
4 0.62734375 0.37734375 0.2203125 0.221875
2 0.11640625 0.35859375 0.1796875 0.2125
4 0.63828125 0.11640625 0.1703125 0.23125