5 0.121875 0.1234375 0.1953125 0.228125
5 0.3796875 0.12421875 0.2125 0.2234375
5 0.13203125 0.3765625 0.1828125 0.23125
5 0.37578125 0.3828125 0.1734375 0.21875
5 0.634375 0.875 0.1875 0.25
5 0.8734375 0.87734375 0.178125 0.2453125
7 0.63046875 0.125 0.1828125 0.2390625
7 0.871875 0.1296875 0.1875 0.221875
7 0.61875 0.62734375 0.2125 0.2234375
6 0.6234375 0.37734375 0.190625 0.2140625
6 0.12109375 0.88359375 0.1828125 0.2328125
2 0.8734375 0.3796875 0.1328125 0.2125
4 0.1171875 0.628125 0.196875 0.240625
4 0.375 0.625 0.2171875 0.21875
2 0.8859375 0.634375 0.1765625 0.209375
4 0.36875 0.8859375 0.165625 0.228125