5 0.8296875 0.10234375 0.221875 0.2046875
5 0.5734375 0.11796875 0.2375 0.2359375
5 0.85 0.3328125 0.209375 0.2515625
5 0.609375 0.36875 0.1984375 0.2375
5 0.41171875 0.8765625 0.2171875 0.246875
5 0.175 0.89375 0.20625 0.2125
7 0.325 0.14375 0.2109375 0.259375
7 0.09609375 0.178125 0.1921875 0.24375
7 0.39765625 0.640625 0.2375 0.2484375
6 0.3625 0.39296875 0.215625 0.2359375
6 0.90859375 0.834375 0.1828125 0.253125
2 0.11484375 0.42578125 0.1578125 0.2265625
4 0.89140625 0.5796875 0.2171875 0.2625
4 0.6390625 0.60859375 0.2421875 0.24375
2 0.13359375 0.68046875 0.2 0.2296875
4 0.67734375 0.8671875 0.1921875 0.246875