6 0.09453125 0.20625 0.1890625 0.28125
5 0.2921875 0.159375 0.25 0.278125
5 0.553125 0.12265625 0.2625 0.2453125
5 0.79765625 0.1046875 0.2734375 0.209375
4 0.13125 0.459375 0.2609375 0.284375
7 0.353125 0.4015625 0.2734375 0.2859375
2 0.60625 0.3546875 0.25 0.2609375
2 0.83984375 0.3109375 0.2515625 0.2671875
2 0.1578125 0.70859375 0.240625 0.2546875
5 0.3921875 0.65859375 0.24375 0.25
4 0.65859375 0.60625 0.2359375 0.25
5 0.88359375 0.54765625 0.2328125 0.2546875
6 0.21484375 0.9140625 0.2421875 0.171875
6 0.44765625 0.8890625 0.2546875 0.221875
4 0.6984375 0.84609375 0.271875 0.2828125
2 0.909375 0.79296875 0.18125 0.2796875