6 0.89375 0.8375 0.2125 0.2625
5 0.6703125 0.8609375 0.228125 0.2609375
5 0.4046875 0.87734375 0.240625 0.2453125
5 0.15703125 0.88359375 0.2515625 0.2328125
4 0.8625 0.57890625 0.2390625 0.265625
7 0.6359375 0.61328125 0.253125 0.265625
2 0.37890625 0.63359375 0.2296875 0.2421875
2 0.1421875 0.65234375 0.2328125 0.2484375
2 0.8625 0.328125 0.221875 0.2375
5 0.6234375 0.353125 0.225 0.2328125
4 0.35390625 0.378125 0.2171875 0.2328125
5 0.11484375 0.41171875 0.2296875 0.2359375
6 0.8296875 0.0984375 0.221875 0.196875
6 0.59375 0.11015625 0.234375 0.2203125
4 0.3390625 0.13515625 0.25 0.2625
2 0.10078125 0.16171875 0.2015625 0.2609375