7 0.89921875 0.8203125 0.2015625 0.246875
2 0.67421875 0.8515625 0.2390625 0.240625
7 0.42265625 0.884375 0.2015625 0.23125
4 0.17890625 0.8953125 0.2140625 0.209375
2 0.8875 0.57265625 0.225 0.2484375
5 0.64453125 0.6078125 0.2375 0.2578125
4 0.38828125 0.63828125 0.21875 0.25625
5 0.1359375 0.67421875 0.221875 0.2328125
6 0.85703125 0.321875 0.2109375 0.2453125
4 0.61171875 0.3515625 0.215625 0.2421875
7 0.35546875 0.3859375 0.2328125 0.2453125
2 0.11015625 0.415625 0.2203125 0.240625
6 0.8234375 0.09765625 0.221875 0.1953125
6 0.57265625 0.1078125 0.1984375 0.215625
4 0.32578125 0.1359375 0.20625 0.253125
7 0.09921875 0.1734375 0.1984375 0.2625