7 0.1265625 0.1234375 0.2171875 0.21875
2 0.3765625 0.12734375 0.2109375 0.2140625
7 0.63046875 0.1265625 0.1734375 0.2171875
4 0.8765625 0.1296875 0.184375 0.23125
2 0.125 0.37421875 0.196875 0.2234375
5 0.371875 0.3734375 0.2078125 0.23125
4 0.6296875 0.37890625 0.1875 0.2328125
5 0.884375 0.378125 0.1953125 0.2078125
6 0.121875 0.6265625 0.18125 0.221875
4 0.36875 0.63125 0.1875 0.21875
7 0.62734375 0.6328125 0.2046875 0.21875
2 0.87890625 0.63828125 0.2015625 0.2140625
6 0.11875 0.88359375 0.190625 0.2328125
6 0.37109375 0.88828125 0.1703125 0.2140625
4 0.621875 0.884375 0.1765625 0.23125
7 0.8734375 0.88203125 0.2125 0.2359375