7 0.9125 0.76640625 0.175 0.2671875
2 0.715625 0.828125 0.259375 0.2609375
7 0.46953125 0.88359375 0.2234375 0.2328125
4 0.23125 0.91015625 0.2375 0.1796875
2 0.88515625 0.52421875 0.2296875 0.2671875
5 0.65625 0.5890625 0.2609375 0.2765625
4 0.40625 0.65078125 0.240625 0.2734375
5 0.16015625 0.7171875 0.2421875 0.2515625
6 0.8328125 0.2796875 0.2328125 0.2609375
4 0.59296875 0.3390625 0.2375 0.259375
7 0.34296875 0.4046875 0.2546875 0.2640625
2 0.11171875 0.4640625 0.2234375 0.259375
6 0.76875 0.08359375 0.24375 0.1671875
6 0.52421875 0.10859375 0.2203125 0.2171875
4 0.2828125 0.16015625 0.2296875 0.26875
7 0.08671875 0.22734375 0.1734375 0.2828125