6 0.89765625 0.82734375 0.2046875 0.2578125
5 0.67265625 0.85234375 0.2140625 0.2453125
7 0.41953125 0.88359375 0.2390625 0.2328125
6 0.178125 0.89453125 0.215625 0.2109375
5 0.88671875 0.5859375 0.2125 0.246875
4 0.63359375 0.6015625 0.1953125 0.2453125
6 0.38359375 0.6375 0.2265625 0.246875
7 0.14140625 0.6734375 0.1984375 0.2375
6 0.85859375 0.33203125 0.2140625 0.2453125
2 0.60859375 0.359375 0.1953125 0.240625
6 0.3625 0.3953125 0.215625 0.24375
7 0.1125 0.4125 0.225 0.228125
5 0.82734375 0.1015625 0.2171875 0.203125
5 0.575 0.11328125 0.234375 0.2265625
4 0.32421875 0.13359375 0.1921875 0.2421875
5 0.0953125 0.17109375 0.190625 0.2359375