6 0.8046875 0.90078125 0.259375 0.1984375
5 0.56171875 0.88046875 0.2234375 0.2390625
7 0.309375 0.8484375 0.2484375 0.253125
6 0.09296875 0.796875 0.1859375 0.246875
5 0.84453125 0.6953125 0.221875 0.2546875
4 0.5984375 0.6359375 0.20625 0.253125
6 0.3484375 0.59765625 0.2375 0.2546875
7 0.10625 0.5609375 0.209375 0.2453125
6 0.88984375 0.44375 0.2203125 0.253125
2 0.6453125 0.396875 0.2046875 0.2484375
6 0.39921875 0.36015625 0.2265625 0.2515625
7 0.15234375 0.303125 0.240625 0.2375
5 0.91171875 0.1890625 0.1765625 0.265625
5 0.68828125 0.14140625 0.24375 0.2609375
4 0.43828125 0.1109375 0.2015625 0.221875
5 0.2 0.09296875 0.21875 0.1859375