7 0.84609375 0.884375 0.2203125 0.23125
4 0.59453125 0.878125 0.20625 0.24375
4 0.34921875 0.86484375 0.215625 0.246875
7 0.10625 0.84921875 0.2125 0.2578125
5 0.8671875 0.6515625 0.2125 0.2484375
5 0.61796875 0.63046875 0.20625 0.24375
4 0.36953125 0.61484375 0.2234375 0.253125
4 0.1046875 0.59296875 0.184375 0.2515625
2 0.88515625 0.390625 0.1609375 0.2171875
2 0.6328125 0.390625 0.203125 0.2625
2 0.38671875 0.35703125 0.1890625 0.2390625
2 0.1390625 0.34453125 0.184375 0.2265625
2 0.89921875 0.14609375 0.2015625 0.2515625
4 0.6625 0.13203125 0.196875 0.25625
6 0.41484375 0.1109375 0.1984375 0.221875
5 0.15390625 0.11015625 0.2140625 0.2203125