4 0.1203125 0.1296875 0.2 0.228125
2 0.375 0.1234375 0.21875 0.23125
6 0.621875 0.1359375 0.184375 0.228125
5 0.88203125 0.1421875 0.2046875 0.21875
4 0.11875 0.384375 0.2125 0.23125
6 0.3703125 0.371875 0.2171875 0.2484375
4 0.6296875 0.38828125 0.196875 0.2328125
5 0.884375 0.3796875 0.190625 0.24375
5 0.11953125 0.6265625 0.2046875 0.246875
5 0.3703125 0.6375 0.2125 0.2578125
4 0.6265625 0.625 0.190625 0.253125
7 0.88203125 0.61875 0.2046875 0.23125
6 0.1421875 0.8796875 0.2265625 0.240625
2 0.38515625 0.89140625 0.1859375 0.2171875
4 0.61875 0.878125 0.190625 0.240625
5 0.8765625 0.88203125 0.2078125 0.2359375