7 0.16015625 0.1125 0.2234375 0.225
4 0.4125 0.121875 0.209375 0.24375
4 0.65703125 0.13828125 0.21875 0.25
7 0.8953125 0.15703125 0.209375 0.2609375
5 0.1359375 0.3421875 0.2171875 0.2515625
5 0.384375 0.3671875 0.209375 0.246875
4 0.63203125 0.3875 0.228125 0.25625
4 0.896875 0.4140625 0.1890625 0.2546875
2 0.11328125 0.60234375 0.1640625 0.2203125
2 0.36484375 0.60703125 0.20625 0.265625
2 0.61015625 0.64453125 0.1921875 0.2421875
2 0.85859375 0.66171875 0.1890625 0.2296875
2 0.0984375 0.84609375 0.196875 0.2546875
4 0.33046875 0.86484375 0.2 0.2578125
6 0.57734375 0.88828125 0.2015625 0.2234375
5 0.8375 0.8921875 0.21875 0.215625