4 0.91640625 0.76640625 0.1671875 0.2703125
2 0.7125 0.83515625 0.26875 0.2765625
6 0.46875 0.875 0.234375 0.25
5 0.21484375 0.90390625 0.2515625 0.1921875
4 0.8828125 0.51953125 0.234375 0.2765625
6 0.65703125 0.59296875 0.2703125 0.29375
4 0.4015625 0.63984375 0.246875 0.2734375
5 0.15625 0.709375 0.24375 0.2828125
5 0.83828125 0.28515625 0.2578125 0.2890625
5 0.5921875 0.33515625 0.26875 0.3015625
4 0.346875 0.409375 0.246875 0.2921875
7 0.1140625 0.47734375 0.228125 0.2734375
6 0.7546875 0.09453125 0.278125 0.1890625
2 0.51640625 0.11015625 0.2328125 0.2203125
4 0.29296875 0.16171875 0.24375 0.2796875
5 0.0859375 0.21953125 0.171875 0.2796875