4 0.91015625 0.7984375 0.1796875 0.259375
2 0.68828125 0.84921875 0.25625 0.265625
6 0.4421875 0.87578125 0.221875 0.2484375
5 0.18515625 0.89609375 0.2390625 0.2078125
4 0.88515625 0.54765625 0.2296875 0.2640625
6 0.65 0.60390625 0.25625 0.2828125
4 0.39140625 0.6328125 0.234375 0.2640625
5 0.1421875 0.68515625 0.2296875 0.2734375
5 0.85234375 0.309375 0.24375 0.278125
5 0.60390625 0.3421875 0.2546875 0.290625
4 0.35390625 0.39921875 0.23125 0.2828125
7 0.11171875 0.4484375 0.2234375 0.2625
6 0.7859375 0.10078125 0.265625 0.2015625
2 0.54453125 0.10859375 0.2203125 0.2171875
4 0.3171875 0.1484375 0.2296875 0.2703125
5 0.0921875 0.1890625 0.184375 0.26875