5 0.80078125 0.8984375 0.2609375 0.203125
7 0.55 0.8796875 0.228125 0.240625
7 0.3109375 0.834375 0.2265625 0.253125
7 0.08203125 0.7859375 0.1640625 0.265625
2 0.84609375 0.68671875 0.2484375 0.2578125
4 0.60078125 0.64375 0.225 0.2734375
5 0.359375 0.5859375 0.265625 0.2671875
5 0.1171875 0.5421875 0.234375 0.278125
4 0.88046875 0.4453125 0.2390625 0.265625
5 0.64375 0.40703125 0.2453125 0.2484375
7 0.3984375 0.3515625 0.2640625 0.2765625
2 0.1359375 0.31015625 0.253125 0.2671875
6 0.90625 0.19765625 0.1875 0.2765625
2 0.70703125 0.1484375 0.23125 0.2640625
5 0.45390625 0.121875 0.2359375 0.24375
5 0.209375 0.08359375 0.25625 0.1671875