5 0.121875 0.1296875 0.21875 0.2390625
7 0.3765625 0.125 0.1875 0.23125
7 0.621875 0.1359375 0.1875 0.221875
7 0.88125 0.13359375 0.1765625 0.2359375
2 0.125 0.3828125 0.209375 0.221875
4 0.3734375 0.378125 0.18125 0.24375
5 0.621875 0.3890625 0.2265625 0.228125
5 0.88203125 0.3828125 0.2234375 0.240625
4 0.12421875 0.628125 0.2234375 0.2265625
5 0.3765625 0.61875 0.2078125 0.2125
7 0.628125 0.6265625 0.221875 0.2390625
2 0.89375 0.6171875 0.2125 0.23125
6 0.1265625 0.8796875 0.209375 0.240625
2 0.3640625 0.884375 0.190625 0.23125
5 0.6203125 0.878125 0.19375 0.24375
5 0.87265625 0.89375 0.2203125 0.2125