5 0.1921875 0.896875 0.25625 0.20625
7 0.44375 0.8796875 0.225 0.240625
7 0.68359375 0.8375 0.2234375 0.2515625
7 0.915625 0.79375 0.16875 0.2625
2 0.15078125 0.68046875 0.2453125 0.2546875
4 0.396875 0.6421875 0.2203125 0.271875
5 0.6390625 0.58828125 0.2625 0.2640625
5 0.8828125 0.5484375 0.234375 0.275
4 0.11875 0.4390625 0.2375 0.2625
5 0.3578125 0.4046875 0.2421875 0.2453125
7 0.60390625 0.353125 0.259375 0.2734375
2 0.8671875 0.31640625 0.25 0.2640625
6 0.0953125 0.18984375 0.190625 0.2734375
2 0.29921875 0.1453125 0.228125 0.2609375
5 0.55234375 0.121875 0.2328125 0.24375
5 0.7984375 0.08515625 0.253125 0.1703125