5 0.1234375 0.1265625 0.1875 0.2265625
2 0.37265625 0.1296875 0.2140625 0.23125
7 0.6359375 0.128125 0.1453125 0.23125
2 0.871875 0.1296875 0.1765625 0.228125
6 0.134375 0.3765625 0.18125 0.2390625
5 0.36484375 0.38125 0.2140625 0.2171875
2 0.625 0.3765625 0.21875 0.2421875
2 0.871875 0.37421875 0.196875 0.2359375
5 0.1171875 0.6265625 0.1859375 0.2265625
7 0.3640625 0.62265625 0.19375 0.2328125
6 0.62109375 0.62734375 0.2234375 0.2359375
2 0.87578125 0.63125 0.2046875 0.2265625
7 0.11953125 0.87578125 0.1796875 0.2484375
5 0.3734375 0.8859375 0.228125 0.228125
2 0.6328125 0.8734375 0.1953125 0.253125
2 0.87109375 0.88046875 0.1921875 0.2390625