5 0.17890625 0.8984375 0.2171875 0.203125
2 0.425 0.87734375 0.24375 0.2453125
7 0.68671875 0.84921875 0.1765625 0.25
2 0.9078125 0.8140625 0.184375 0.25
6 0.15546875 0.6734375 0.2125 0.2625
5 0.3828125 0.63671875 0.2421875 0.2453125
2 0.640625 0.6046875 0.25 0.2703125
2 0.8859375 0.57265625 0.228125 0.2609375
5 0.10546875 0.428125 0.2109375 0.25
7 0.3484375 0.39765625 0.225 0.2578125
6 0.60234375 0.35703125 0.2546875 0.2640625
2 0.85390625 0.31796875 0.234375 0.253125
7 0.08828125 0.18046875 0.1765625 0.2703125
5 0.32109375 0.13515625 0.2578125 0.2578125
2 0.5796875 0.125 0.228125 0.25
2 0.81484375 0.1015625 0.2234375 0.203125