5 0.225 0.08984375 0.2375 0.1796875
2 0.46640625 0.12421875 0.2640625 0.2484375
7 0.721875 0.171875 0.196875 0.259375
2 0.91875 0.23046875 0.1625 0.2640625
6 0.175 0.29140625 0.234375 0.2765625
5 0.39765625 0.35234375 0.2609375 0.2625
2 0.65078125 0.41015625 0.2703125 0.2875
2 0.88359375 0.46796875 0.2328125 0.2765625
5 0.1078125 0.53046875 0.215625 0.2640625
7 0.33828125 0.5859375 0.24375 0.2734375
6 0.58671875 0.653125 0.2734375 0.2828125
2 0.8328125 0.71796875 0.253125 0.26875
7 0.078125 0.771875 0.15625 0.284375
5 0.28359375 0.84375 0.2765625 0.2765625
2 0.5375 0.87421875 0.25 0.2515625
2 0.7671875 0.909375 0.24375 0.18125