5 0.12578125 0.128125 0.2015625 0.221875
6 0.37734375 0.13359375 0.2140625 0.2140625
5 0.625 0.13125 0.1859375 0.2265625
7 0.875 0.1296875 0.1953125 0.221875
7 0.1234375 0.37734375 0.1453125 0.2453125
7 0.375 0.3765625 0.190625 0.2421875
5 0.625 0.3765625 0.1875 0.23125
4 0.878125 0.3765625 0.15 0.228125
2 0.11875 0.63125 0.196875 0.215625
2 0.3734375 0.6234375 0.240625 0.25
7 0.6296875 0.62734375 0.2 0.2328125
6 0.88046875 0.6140625 0.2015625 0.2109375
6 0.1171875 0.8796875 0.2171875 0.240625
7 0.3734375 0.8796875 0.1765625 0.240625
4 0.61640625 0.878125 0.2046875 0.24375
5 0.86875 0.87734375 0.196875 0.2453125