5 0.7953125 0.0953125 0.240625 0.190625
6 0.55078125 0.12109375 0.2515625 0.2421875
5 0.30703125 0.16171875 0.225 0.2578125
7 0.0890625 0.20703125 0.178125 0.2546875
7 0.84609375 0.3078125 0.1890625 0.26875
7 0.59921875 0.3546875 0.2328125 0.2734375
5 0.35390625 0.40234375 0.228125 0.2625
4 0.10546875 0.45078125 0.190625 0.253125
2 0.890625 0.55625 0.21875 0.25
2 0.64765625 0.596875 0.284375 0.290625
7 0.396875 0.65 0.240625 0.2671875
6 0.1484375 0.684375 0.2375 0.2453125
6 0.909375 0.8 0.18125 0.278125
7 0.696875 0.8484375 0.21875 0.2703125
4 0.4578125 0.87734375 0.246875 0.2453125
5 0.209375 0.90078125 0.240625 0.1984375