4 0.11875 0.13203125 0.2265625 0.2328125
2 0.3640625 0.12890625 0.18125 0.2546875
5 0.6203125 0.12734375 0.2265625 0.2453125
4 0.865625 0.13359375 0.2 0.2328125
4 0.125 0.3703125 0.2078125 0.2390625
2 0.3734375 0.38125 0.18125 0.21875
2 0.6296875 0.38125 0.2078125 0.221875
6 0.8703125 0.384375 0.240625 0.21875
7 0.1265625 0.634375 0.2265625 0.240625
2 0.37109375 0.634375 0.2234375 0.221875
6 0.6296875 0.6375 0.190625 0.215625
6 0.871875 0.640625 0.21875 0.1953125
6 0.13046875 0.8859375 0.1828125 0.2265625
5 0.3703125 0.8859375 0.2171875 0.2265625
5 0.640625 0.8859375 0.2265625 0.228125
2 0.875 0.8796875 0.18125 0.240625