5 0.803125 0.09765625 0.2375 0.1953125
6 0.55703125 0.12109375 0.2484375 0.2421875
5 0.3125 0.15859375 0.221875 0.2546875
7 0.090625 0.2 0.18125 0.253125
7 0.84921875 0.3140625 0.1859375 0.2671875
7 0.6015625 0.35703125 0.2296875 0.271875
5 0.35546875 0.4 0.225 0.2609375
4 0.10625 0.44375 0.1875 0.25
2 0.89140625 0.5625 0.2171875 0.246875
2 0.64609375 0.59921875 0.2796875 0.2875
7 0.39453125 0.64765625 0.2375 0.2640625
6 0.1453125 0.678125 0.234375 0.2421875
6 0.90703125 0.8078125 0.1859375 0.275
7 0.690625 0.8515625 0.215625 0.2671875
4 0.45 0.87734375 0.24375 0.2453125
5 0.20234375 0.89921875 0.2359375 0.2015625