4 0.19609375 0.8984375 0.2671875 0.203125
2 0.43671875 0.8734375 0.2265625 0.253125
5 0.6890625 0.84296875 0.26875 0.284375
4 0.90390625 0.78984375 0.1921875 0.2671875
4 0.15625 0.69921875 0.25 0.275
2 0.3984375 0.640625 0.2203125 0.25
2 0.65 0.5921875 0.246875 0.2578125
6 0.8734375 0.54296875 0.253125 0.2609375
7 0.12109375 0.43828125 0.2421875 0.2796875
2 0.34765625 0.39296875 0.2609375 0.2609375
6 0.60078125 0.340625 0.228125 0.2484375
6 0.83828125 0.290625 0.2515625 0.2328125
6 0.0875 0.19140625 0.175 0.2578125
5 0.29921875 0.14609375 0.25625 0.2640625
5 0.5640625 0.1140625 0.265625 0.228125
2 0.79453125 0.0953125 0.2234375 0.190625