4 0.88828125 0.8546875 0.2234375 0.240625
2 0.6484375 0.86640625 0.190625 0.2609375
5 0.3921875 0.875 0.234375 0.25
4 0.14765625 0.87890625 0.2078125 0.2390625
4 0.8796875 0.61640625 0.215625 0.246875
2 0.63046875 0.6140625 0.1890625 0.225
2 0.37421875 0.6234375 0.215625 0.2296875
6 0.13359375 0.628125 0.2484375 0.2265625
7 0.86875 0.35234375 0.234375 0.2484375
2 0.62421875 0.3609375 0.23125 0.2296875
6 0.365625 0.3671875 0.1984375 0.221875
6 0.1234375 0.37265625 0.225 0.203125
6 0.8546875 0.10859375 0.190625 0.2171875
5 0.615625 0.11328125 0.225 0.2265625
5 0.34609375 0.11953125 0.234375 0.2359375
2 0.11171875 0.13359375 0.1890625 0.246875