7 0.1375 0.13359375 0.2078125 0.2328125
5 0.37890625 0.12578125 0.2046875 0.2328125
7 0.621875 0.11640625 0.190625 0.2015625
2 0.8921875 0.1265625 0.146875 0.2265625
6 0.12578125 0.38125 0.2015625 0.228125
7 0.3703125 0.3828125 0.16875 0.221875
6 0.621875 0.375 0.1796875 0.240625
4 0.871875 0.3765625 0.2 0.2390625
6 0.12421875 0.625 0.1828125 0.221875
4 0.36875 0.6265625 0.1328125 0.21875
2 0.62265625 0.621875 0.2015625 0.23125
5 0.8703125 0.63515625 0.153125 0.2140625
4 0.1296875 0.875 0.196875 0.25
7 0.38125 0.88359375 0.1859375 0.2328125
6 0.6359375 0.8796875 0.153125 0.2171875
2 0.87734375 0.88203125 0.1828125 0.2359375