5 0.1625 0.9015625 0.234375 0.196875
6 0.4328125 0.87421875 0.25 0.2515625
5 0.6734375 0.8546875 0.2453125 0.2640625
6 0.903125 0.815625 0.19375 0.2625
4 0.1359375 0.671875 0.246875 0.2609375
2 0.39609375 0.62734375 0.2578125 0.2625
5 0.63828125 0.6 0.253125 0.2640625
5 0.88984375 0.56875 0.2109375 0.2765625
2 0.1140625 0.43203125 0.228125 0.2640625
6 0.35703125 0.39375 0.228125 0.2375
6 0.60390625 0.36015625 0.259375 0.234375
6 0.8484375 0.315625 0.2328125 0.2390625
5 0.096875 0.1703125 0.19375 0.25625
5 0.31171875 0.13359375 0.203125 0.24375
5 0.56953125 0.10234375 0.2546875 0.2046875
2 0.82890625 0.090625 0.2515625 0.18125