7 0.184375 0.88984375 0.234375 0.2203125
5 0.425 0.87890625 0.23125 0.2421875
7 0.66796875 0.865625 0.2140625 0.2234375
2 0.92421875 0.82265625 0.1515625 0.2421875
6 0.14296875 0.66328125 0.228125 0.2515625
7 0.3859375 0.63203125 0.1953125 0.240625
6 0.6359375 0.609375 0.2078125 0.2609375
4 0.884375 0.57734375 0.228125 0.2609375
6 0.11171875 0.421875 0.2078125 0.2421875
4 0.3546875 0.390625 0.1578125 0.2328125
2 0.60703125 0.3640625 0.228125 0.2546875
5 0.85078125 0.32109375 0.178125 0.23125
4 0.1 0.171875 0.2 0.271875
7 0.33515625 0.13359375 0.2125 0.253125
6 0.5875 0.11171875 0.178125 0.2234375
2 0.82734375 0.1015625 0.2109375 0.203125