5 0.10546875 0.1203125 0.2046875 0.228125
6 0.3796875 0.128125 0.21875 0.24375
5 0.62265625 0.12421875 0.2140625 0.2359375
6 0.8859375 0.12734375 0.2265625 0.2328125
4 0.115625 0.38046875 0.2171875 0.2328125
2 0.3796875 0.38828125 0.228125 0.2328125
5 0.6234375 0.38203125 0.221875 0.2359375
5 0.8765625 0.37734375 0.1765625 0.2546875
2 0.1171875 0.62265625 0.2171875 0.2359375
6 0.3734375 0.625 0.2 0.2125
6 0.62265625 0.62421875 0.2328125 0.2046875
6 0.87109375 0.634375 0.2046875 0.2125
5 0.1203125 0.8859375 0.2171875 0.228125
5 0.36484375 0.8890625 0.1734375 0.221875
5 0.6265625 0.89765625 0.228125 0.2046875
2 0.88828125 0.89140625 0.2234375 0.2171875