5 0.146875 0.896875 0.228125 0.20625
6 0.41875 0.87421875 0.24375 0.2515625
5 0.6609375 0.8609375 0.2375 0.25625
6 0.8984375 0.83046875 0.203125 0.2546875
4 0.13046875 0.659375 0.240625 0.2546875
2 0.3921875 0.6234375 0.2515625 0.2546875
5 0.63515625 0.6046875 0.2453125 0.2578125
5 0.8875 0.5828125 0.2015625 0.271875
2 0.11328125 0.41796875 0.2265625 0.2578125
6 0.3609375 0.3890625 0.221875 0.2328125
6 0.609375 0.36328125 0.253125 0.228125
6 0.8546875 0.32734375 0.225 0.2328125
5 0.10078125 0.15625 0.2015625 0.25
5 0.325 0.12734375 0.1953125 0.2390625
5 0.58359375 0.10234375 0.2484375 0.2046875
2 0.84453125 0.09453125 0.2453125 0.1890625