7 0.0953125 0.22421875 0.190625 0.2734375
5 0.29765625 0.1625 0.2515625 0.2734375
7 0.5328125 0.10859375 0.23125 0.2171875
2 0.7984375 0.08671875 0.19375 0.1734375
6 0.11640625 0.46796875 0.2328125 0.2671875
7 0.34765625 0.41484375 0.2140625 0.2546875
6 0.590625 0.35078125 0.2296875 0.275
4 0.834375 0.29609375 0.2484375 0.278125
6 0.16171875 0.70625 0.228125 0.2578125
4 0.40078125 0.653125 0.178125 0.24375
2 0.646875 0.59140625 0.2484375 0.2703125
5 0.89140625 0.5484375 0.196875 0.24375
4 0.22265625 0.90234375 0.2484375 0.1953125
7 0.46953125 0.8828125 0.2328125 0.234375
6 0.71796875 0.8390625 0.1984375 0.2453125
2 0.91875 0.78671875 0.1625 0.2703125