4 0.1234375 0.12421875 0.246875 0.2453125
2 0.375 0.13359375 0.2125 0.2453125
7 0.6234375 0.1296875 0.2125 0.23125
7 0.87734375 0.13984375 0.1828125 0.2140625
6 0.1234375 0.37578125 0.209375 0.2234375
6 0.371875 0.37734375 0.21875 0.2265625
4 0.625 0.3796875 0.1875 0.2125
6 0.88046875 0.38125 0.1828125 0.23125
2 0.1265625 0.63671875 0.1875 0.2234375
5 0.37109375 0.63203125 0.2234375 0.2046875
6 0.63203125 0.63125 0.1921875 0.2
7 0.87734375 0.62734375 0.2046875 0.2140625
5 0.12265625 0.89375 0.2046875 0.2125
7 0.36796875 0.878125 0.2078125 0.24375
6 0.61953125 0.8859375 0.1953125 0.228125
2 0.87421875 0.8796875 0.2046875 0.240625