4 0.88671875 0.840625 0.2265625 0.265625
2 0.65625 0.85390625 0.2328125 0.2625
7 0.409375 0.87734375 0.23125 0.2453125
7 0.1546875 0.88828125 0.2 0.2234375
6 0.8859375 0.590625 0.228125 0.240625
6 0.63828125 0.6109375 0.2375 0.2453125
4 0.3859375 0.63046875 0.2046875 0.228125
6 0.13125 0.6515625 0.2015625 0.246875
2 0.86015625 0.33125 0.20625 0.2390625
5 0.6171875 0.35703125 0.240625 0.2234375
6 0.35703125 0.38046875 0.209375 0.215625
7 0.11328125 0.40625 0.221875 0.23125
5 0.840625 0.09453125 0.221875 0.1890625
7 0.5984375 0.12109375 0.228125 0.2421875
6 0.34765625 0.12578125 0.2140625 0.24375
2 0.103125 0.15390625 0.20625 0.2578125