7 0.78828125 0.09453125 0.1984375 0.1890625
7 0.8390625 0.3046875 0.2515625 0.26875
7 0.11328125 0.46328125 0.2265625 0.2796875
7 0.88671875 0.54609375 0.2265625 0.2796875
7 0.41015625 0.6484375 0.221875 0.2625
7 0.909375 0.7921875 0.18125 0.278125
7 0.70234375 0.8515625 0.1984375 0.2546875
6 0.5421875 0.1234375 0.24375 0.246875
6 0.30546875 0.1625 0.234375 0.2625
5 0.08359375 0.20390625 0.1671875 0.2703125
5 0.5984375 0.35625 0.26875 0.2609375
5 0.45390625 0.8953125 0.2078125 0.209375
2 0.3515625 0.40703125 0.246875 0.2765625
2 0.21640625 0.90390625 0.2265625 0.1921875
4 0.63515625 0.60078125 0.221875 0.259375
4 0.15625 0.70234375 0.21875 0.2453125