4 0.15703125 0.88671875 0.2671875 0.2265625
2 0.40703125 0.871875 0.2328125 0.25625
7 0.65546875 0.8578125 0.23125 0.2484375
7 0.903125 0.82578125 0.19375 0.2296875
6 0.1359375 0.65625 0.228125 0.240625
6 0.3828125 0.63359375 0.2375 0.2453125
4 0.63515625 0.60859375 0.2046875 0.228125
6 0.8890625 0.58515625 0.2015625 0.246875
2 0.11640625 0.39609375 0.20625 0.2390625
5 0.36015625 0.3796875 0.240625 0.2234375
6 0.6203125 0.3578125 0.209375 0.215625
7 0.86484375 0.340625 0.221875 0.23125
5 0.1 0.13984375 0.2 0.2296875
7 0.33515625 0.13515625 0.228125 0.2609375
6 0.58515625 0.11328125 0.2140625 0.2265625
2 0.8390625 0.10859375 0.225 0.2171875