4 0.890625 0.82734375 0.21875 0.2734375
2 0.66875 0.8484375 0.240625 0.26875
7 0.42265625 0.87734375 0.2390625 0.2453125
7 0.16953125 0.89296875 0.2078125 0.2140625
6 0.8859375 0.5765625 0.228125 0.246875
6 0.6421875 0.60703125 0.2453125 0.2515625
4 0.390625 0.634375 0.2125 0.234375
6 0.13671875 0.6640625 0.209375 0.2515625
2 0.85390625 0.31875 0.2140625 0.2453125
5 0.61171875 0.353125 0.246875 0.2296875
6 0.353125 0.3859375 0.215625 0.221875
7 0.1125 0.41875 0.225 0.2375
5 0.82578125 0.090625 0.2296875 0.18125
7 0.58515625 0.12109375 0.2359375 0.2421875
6 0.33515625 0.13125 0.221875 0.25
2 0.09921875 0.16796875 0.1984375 0.2640625