4 0.8765625 0.87578125 0.246875 0.2453125
2 0.625 0.86640625 0.2125 0.2453125
7 0.3765625 0.8703125 0.2125 0.23125
7 0.12265625 0.86015625 0.1828125 0.2140625
6 0.8765625 0.62421875 0.209375 0.2234375
6 0.628125 0.6234375 0.21875 0.2265625
4 0.375 0.6203125 0.1875 0.2125
6 0.11953125 0.61875 0.1828125 0.23125
2 0.8734375 0.36328125 0.1875 0.2234375
5 0.62890625 0.36796875 0.2234375 0.2046875
6 0.36796875 0.36875 0.1921875 0.2
7 0.12265625 0.37265625 0.2046875 0.2140625
5 0.87734375 0.10625 0.2046875 0.2125
7 0.63203125 0.121875 0.2078125 0.24375
6 0.38125 0.1140625 0.1953125 0.228125
2 0.12578125 0.1203125 0.2046875 0.240625