7 0.21796875 0.90703125 0.2015625 0.1859375
7 0.16484375 0.70078125 0.2546875 0.271875
7 0.88515625 0.528125 0.2296875 0.28125
7 0.11328125 0.46015625 0.2265625 0.2828125
7 0.5875 0.35 0.225 0.265625
7 0.08828125 0.2140625 0.1765625 0.28125
7 0.29140625 0.15234375 0.2015625 0.2578125
6 0.4640625 0.87578125 0.246875 0.2484375
6 0.70078125 0.83359375 0.2375 0.265625
5 0.91796875 0.7875 0.1640625 0.271875
5 0.40390625 0.6453125 0.271875 0.2640625
5 0.53828125 0.1046875 0.2109375 0.209375
2 0.65 0.590625 0.25 0.2796875
2 0.77421875 0.09375 0.2296875 0.1875
4 0.36328125 0.4015625 0.225 0.2609375
4 0.83984375 0.29140625 0.221875 0.246875