2 0.146875 0.884375 0.2125 0.23125
4 0.396875 0.8828125 0.196875 0.234375
5 0.64609375 0.86640625 0.20625 0.2359375
5 0.9 0.84375 0.2 0.228125
4 0.128125 0.63359375 0.196875 0.2265625
2 0.38359375 0.6328125 0.1875 0.23125
2 0.62890625 0.60859375 0.2015625 0.2328125
4 0.8875 0.59375 0.184375 0.2359375
6 0.1203125 0.3875 0.2375 0.234375
7 0.371875 0.38125 0.2078125 0.23125
7 0.6125 0.3625 0.215625 0.2375
2 0.86953125 0.35546875 0.203125 0.2484375
5 0.1046875 0.146875 0.1890625 0.2625
4 0.35859375 0.12578125 0.1875 0.2359375
4 0.5984375 0.121875 0.23125 0.24375
4 0.84765625 0.11484375 0.2109375 0.2296875