2 0.809375 0.89765625 0.234375 0.2046875
4 0.5625 0.8828125 0.21875 0.234375
5 0.31640625 0.84921875 0.228125 0.2546875
5 0.0875 0.7984375 0.175 0.246875
4 0.85546875 0.671875 0.2171875 0.24375
2 0.60234375 0.64453125 0.209375 0.246875
2 0.36015625 0.59375 0.2234375 0.25
4 0.1046875 0.553125 0.20625 0.2515625
6 0.8796875 0.428125 0.240625 0.25625
7 0.63984375 0.3953125 0.2296875 0.25
7 0.40234375 0.3515625 0.2375 0.25625
2 0.14765625 0.31796875 0.225 0.265625
5 0.91171875 0.1890625 0.1765625 0.278125
4 0.6796875 0.1421875 0.209375 0.2515625
4 0.44140625 0.12265625 0.2546875 0.2453125
4 0.1953125 0.10234375 0.234375 0.2046875