2 0.12734375 0.1296875 0.2015625 0.228125
4 0.3765625 0.121875 0.1859375 0.228125
5 0.6265625 0.1265625 0.1953125 0.2265625
5 0.88359375 0.1359375 0.1921875 0.21875
4 0.121875 0.3859375 0.1859375 0.2171875
2 0.3765625 0.3734375 0.1765625 0.221875
2 0.6234375 0.38515625 0.190625 0.2234375
4 0.88203125 0.3859375 0.1734375 0.2265625
6 0.1265625 0.63203125 0.2265625 0.2234375
7 0.378125 0.625 0.196875 0.221875
7 0.61953125 0.63125 0.2046875 0.2265625
2 0.8765625 0.625 0.190625 0.2390625
5 0.1234375 0.8734375 0.1765625 0.253125
4 0.378125 0.88125 0.1765625 0.2265625
4 0.61875 0.878125 0.21875 0.24375
4 0.86796875 0.878125 0.1984375 0.24375