4 0.090625 0.209375 0.18125 0.284375
4 0.2984375 0.16015625 0.2890625 0.290625
7 0.54296875 0.1265625 0.2859375 0.253125
2 0.79296875 0.09921875 0.2859375 0.1984375
6 0.11953125 0.4515625 0.2390625 0.28125
4 0.3515625 0.40546875 0.28125 0.2859375
5 0.59765625 0.35859375 0.2828125 0.278125
2 0.8453125 0.296875 0.271875 0.2625
5 0.15625 0.70390625 0.28125 0.2828125
2 0.40390625 0.634375 0.265625 0.2453125
6 0.64765625 0.59765625 0.26875 0.2796875
2 0.8828125 0.54609375 0.234375 0.2578125
2 0.2078125 0.9078125 0.271875 0.184375
5 0.46328125 0.8828125 0.2703125 0.234375
7 0.70703125 0.85078125 0.25 0.2640625
5 0.90859375 0.796875 0.1828125 0.271875