4 0.90390625 0.1859375 0.1921875 0.275
4 0.68359375 0.15 0.2796875 0.2796875
7 0.43671875 0.125 0.2765625 0.25
2 0.1828125 0.1046875 0.275 0.209375
6 0.88125 0.43125 0.2375 0.271875
4 0.64375 0.39765625 0.2703125 0.2765625
5 0.3953125 0.3640625 0.271875 0.2671875
2 0.14453125 0.315625 0.2625 0.2515625
5 0.85390625 0.6859375 0.2703125 0.2734375
2 0.603125 0.6296875 0.25625 0.234375
6 0.3578125 0.60546875 0.2578125 0.2703125
2 0.115625 0.56640625 0.23125 0.2484375
2 0.8140625 0.90234375 0.2625 0.1953125
5 0.55703125 0.88359375 0.2609375 0.2328125
7 0.31171875 0.8609375 0.240625 0.25625
5 0.096875 0.8203125 0.19375 0.2625