5 0.096875 0.809375 0.19375 0.25
5 0.3296875 0.8484375 0.2390625 0.259375
6 0.57578125 0.88125 0.2546875 0.2375
4 0.8375 0.8984375 0.209375 0.203125
2 0.121875 0.57421875 0.24375 0.2546875
6 0.36328125 0.6046875 0.23125 0.2546875
6 0.603125 0.63515625 0.221875 0.253125
6 0.85078125 0.6703125 0.234375 0.2453125
6 0.1453125 0.33046875 0.265625 0.2796875
6 0.3953125 0.3671875 0.246875 0.246875
5 0.65 0.39296875 0.2203125 0.2359375
6 0.88203125 0.41484375 0.2265625 0.25
4 0.1703125 0.10390625 0.228125 0.2078125
5 0.41015625 0.11875 0.2203125 0.2375
7 0.67734375 0.1328125 0.2421875 0.253125
2 0.90234375 0.16875 0.1953125 0.2625