5 0.12109375 0.140625 0.2015625 0.2265625
5 0.3734375 0.13359375 0.2125 0.2359375
6 0.6234375 0.1234375 0.228125 0.2265625
4 0.88671875 0.12109375 0.1828125 0.2328125
2 0.1234375 0.378125 0.2390625 0.2265625
6 0.37734375 0.3796875 0.2046875 0.23125
6 0.61875 0.378125 0.1953125 0.23125
6 0.86875 0.3734375 0.209375 0.221875
6 0.12734375 0.625 0.2359375 0.253125
6 0.3796875 0.61875 0.221875 0.221875
5 0.6359375 0.62421875 0.1953125 0.2140625
6 0.86875 0.63125 0.2 0.2265625
4 0.121875 0.8796875 0.2 0.240625
5 0.36328125 0.8796875 0.1921875 0.240625
7 0.63125 0.8859375 0.215625 0.228125
2 0.8734375 0.8796875 0.1953125 0.240625