5 0.08828125 0.22734375 0.1765625 0.2640625
5 0.3 0.16796875 0.25625 0.275
6 0.54140625 0.1203125 0.2703125 0.240625
4 0.79921875 0.090625 0.2265625 0.18125
2 0.1234375 0.459375 0.246875 0.271875
6 0.3546875 0.4078125 0.2484375 0.26875
6 0.590625 0.35625 0.2390625 0.2671875
6 0.834375 0.29921875 0.2515625 0.2609375
6 0.16171875 0.7 0.2828125 0.296875
6 0.40703125 0.64140625 0.2625 0.2625
5 0.65859375 0.59296875 0.2359375 0.25
6 0.88359375 0.5515625 0.2328125 0.2625
4 0.20859375 0.90546875 0.2453125 0.1890625
5 0.4453125 0.88125 0.2375 0.2375
7 0.70859375 0.85 0.2578125 0.26875
2 0.91171875 0.79296875 0.1765625 0.2765625