2 0.1078125 0.82265625 0.215625 0.2671875
5 0.325 0.86171875 0.2046875 0.225
6 0.5734375 0.87890625 0.234375 0.2421875
7 0.8265625 0.8953125 0.2375 0.209375
6 0.1203125 0.57421875 0.240625 0.2578125
4 0.36015625 0.59921875 0.2453125 0.253125
7 0.6203125 0.6265625 0.23125 0.2546875
7 0.859375 0.6640625 0.2203125 0.2390625
2 0.15234375 0.3203125 0.24375 0.2515625
5 0.40703125 0.35 0.234375 0.2390625
5 0.6375 0.375 0.2078125 0.2390625
2 0.88046875 0.41171875 0.2390625 0.2546875
7 0.1671875 0.10390625 0.240625 0.2078125
5 0.425 0.1140625 0.228125 0.228125
5 0.678125 0.13515625 0.228125 0.25625
7 0.89609375 0.16171875 0.2078125 0.2546875