6 0.1375 0.88203125 0.18125 0.2359375
6 0.375 0.88359375 0.215625 0.2328125
6 0.6328125 0.86484375 0.1984375 0.221875
4 0.884375 0.86796875 0.203125 0.225
4 0.12734375 0.62109375 0.1984375 0.2265625
4 0.37265625 0.6203125 0.2 0.2359375
5 0.62890625 0.61875 0.1984375 0.2171875
6 0.88515625 0.61875 0.190625 0.2359375
2 0.12734375 0.38359375 0.1921875 0.2359375
5 0.37109375 0.3765625 0.18125 0.2390625
5 0.62265625 0.37109375 0.2 0.2296875
6 0.87265625 0.36796875 0.2171875 0.2359375
2 0.1171875 0.128125 0.2140625 0.246875
6 0.37109375 0.13046875 0.209375 0.234375
5 0.62109375 0.11796875 0.1921875 0.234375
6 0.86953125 0.12265625 0.2078125 0.2265625