2 0.12578125 0.128125 0.2359375 0.240625
5 0.3703125 0.11953125 0.18125 0.2046875
6 0.6203125 0.13046875 0.209375 0.2234375
7 0.87421875 0.1359375 0.2140625 0.2078125
6 0.12265625 0.378125 0.2328125 0.23125
4 0.3734375 0.384375 0.21875 0.228125
7 0.63515625 0.3890625 0.2046875 0.23125
7 0.8765625 0.38125 0.1953125 0.2171875
2 0.1328125 0.6359375 0.2171875 0.2265625
5 0.3890625 0.6375 0.209375 0.215625
5 0.62109375 0.640625 0.1828125 0.21875
2 0.87734375 0.634375 0.2328125 0.228125
7 0.11875 0.8796875 0.2125 0.240625
5 0.37734375 0.8859375 0.2015625 0.228125
5 0.63203125 0.88359375 0.2015625 0.2328125
7 0.8765625 0.8859375 0.23125 0.228125