6 0.13125 0.12265625 0.1765625 0.2359375
6 0.36875 0.11640625 0.2109375 0.2328125
6 0.6265625 0.1328125 0.1953125 0.21875
4 0.878125 0.125 0.2 0.221875
4 0.125 0.38515625 0.1953125 0.2234375
4 0.3703125 0.38203125 0.1953125 0.2328125
5 0.6265625 0.37890625 0.1953125 0.2140625
6 0.8828125 0.37421875 0.1859375 0.2328125
2 0.1296875 0.62265625 0.1875 0.2328125
5 0.3734375 0.62578125 0.1765625 0.2359375
5 0.625 0.6265625 0.1953125 0.2265625
6 0.875 0.62578125 0.2125 0.2328125
2 0.1234375 0.878125 0.209375 0.24375
6 0.37734375 0.871875 0.2046875 0.23125
5 0.628125 0.8796875 0.1875 0.23125
6 0.87578125 0.87109375 0.2046875 0.2234375