2 0.8921875 0.17578125 0.215625 0.2671875
5 0.675 0.13828125 0.2046875 0.225
6 0.425 0.12109375 0.234375 0.2421875
7 0.171875 0.1046875 0.2375 0.209375
6 0.8796875 0.42421875 0.240625 0.2578125
4 0.63984375 0.40078125 0.2453125 0.253125
7 0.3796875 0.3734375 0.23125 0.2546875
7 0.140625 0.3359375 0.2203125 0.2390625
2 0.84765625 0.6796875 0.24375 0.2515625
5 0.59296875 0.65 0.234375 0.2390625
5 0.3625 0.625 0.2078125 0.2390625
2 0.11953125 0.58671875 0.2390625 0.2546875
7 0.83125 0.8953125 0.240625 0.209375
5 0.575 0.8859375 0.228125 0.228125
5 0.321875 0.86484375 0.228125 0.25625
7 0.10390625 0.83671875 0.2078125 0.2546875