6 0.0875 0.2 0.175 0.265625
6 0.29765625 0.1484375 0.2515625 0.26875
6 0.55390625 0.1203125 0.2328125 0.240625
4 0.79921875 0.09375 0.2390625 0.1875
4 0.11328125 0.4578125 0.2265625 0.25625
4 0.35 0.40859375 0.2359375 0.265625
5 0.60078125 0.35703125 0.2328125 0.246875
6 0.8515625 0.303125 0.2265625 0.2640625
2 0.16015625 0.69140625 0.228125 0.2640625
5 0.4 0.64765625 0.21875 0.265625
5 0.646875 0.6 0.234375 0.259375
6 0.8828125 0.5515625 0.234375 0.26875
2 0.20234375 0.9015625 0.2515625 0.196875
6 0.45078125 0.87734375 0.2453125 0.2453125
5 0.6984375 0.8484375 0.228125 0.2625
6 0.90859375 0.79140625 0.1828125 0.2578125