2 0.1265625 0.125 0.2171875 0.23125
4 0.36796875 0.12734375 0.2234375 0.2453125
5 0.63203125 0.13203125 0.2015625 0.2359375
6 0.87265625 0.11875 0.1796875 0.2375
6 0.12421875 0.37578125 0.2359375 0.2359375
5 0.3734375 0.38203125 0.221875 0.2359375
4 0.6390625 0.375 0.2078125 0.2484375
6 0.87890625 0.3796875 0.2015625 0.228125
5 0.11640625 0.621875 0.2140625 0.23125
5 0.3671875 0.63046875 0.221875 0.2328125
5 0.6234375 0.62578125 0.2 0.2234375
2 0.86875 0.61875 0.184375 0.2078125
2 0.134375 0.87734375 0.1953125 0.2453125
2 0.36953125 0.87734375 0.2140625 0.2453125
7 0.625 0.87734375 0.23125 0.2453125
5 0.87578125 0.8796875 0.1921875 0.240625