2 0.1671875 0.8921875 0.240625 0.215625
4 0.40703125 0.875 0.2484375 0.25
5 0.66953125 0.85234375 0.225 0.25625
6 0.90390625 0.83984375 0.1921875 0.2546875
6 0.1390625 0.6625 0.259375 0.259375
5 0.38671875 0.63046875 0.2453125 0.2578125
4 0.6515625 0.61015625 0.2328125 0.26875
6 0.88828125 0.57890625 0.2234375 0.2484375
5 0.11171875 0.41875 0.2234375 0.253125
5 0.35390625 0.384375 0.2453125 0.2546875
5 0.609375 0.36171875 0.221875 0.24375
2 0.8546875 0.34296875 0.2046875 0.2265625
2 0.103125 0.16328125 0.20625 0.2640625
2 0.33046875 0.13828125 0.2390625 0.265625
7 0.584375 0.12265625 0.25625 0.2453125
5 0.834375 0.10625 0.215625 0.2125