2 0.1046875 0.165625 0.209375 0.253125
4 0.3296875 0.14296875 0.2484375 0.2671875
5 0.5921875 0.12421875 0.225 0.2484375
6 0.8296875 0.1046875 0.203125 0.209375
6 0.12109375 0.415625 0.2421875 0.259375
5 0.36171875 0.39609375 0.2453125 0.2578125
4 0.625 0.3609375 0.2328125 0.26875
6 0.8640625 0.340625 0.225 0.2484375
5 0.13125 0.6609375 0.2375 0.253125
5 0.38125 0.64375 0.2453125 0.2546875
5 0.6359375 0.6125 0.221875 0.24375
2 0.87890625 0.5796875 0.2046875 0.2265625
2 0.17578125 0.890625 0.2203125 0.21875
2 0.40859375 0.878125 0.2390625 0.24375
7 0.6640625 0.8625 0.25625 0.26875
5 0.90234375 0.8375 0.1953125 0.259375