6 0.12421875 0.13125 0.2015625 0.221875
5 0.3734375 0.13125 0.1875 0.2265625
2 0.625 0.1421875 0.1875 0.2171875
4 0.85859375 0.128125 0.2046875 0.2078125
4 0.12734375 0.37890625 0.2015625 0.2328125
4 0.36875 0.378125 0.2203125 0.21875
5 0.62109375 0.3875 0.2046875 0.228125
2 0.86640625 0.37109375 0.2015625 0.1921875
5 0.125 0.63125 0.21875 0.2125
5 0.3765625 0.6359375 0.2265625 0.221875
5 0.875 0.88125 0.209375 0.2171875
4 0.625 0.634375 0.2125 0.221875
7 0.87734375 0.63984375 0.2140625 0.2328125
6 0.1234375 0.8890625 0.2390625 0.221875
7 0.3765625 0.88046875 0.196875 0.2390625
4 0.62421875 0.884375 0.2234375 0.23125