2 0.8484375 0.89140625 0.20625 0.2171875
4 0.5953125 0.8828125 0.1953125 0.2328125
2 0.34453125 0.85625 0.209375 0.234375
6 0.0921875 0.834375 0.184375 0.228125
4 0.8578125 0.659375 0.2015625 0.2515625
4 0.6125 0.63359375 0.2140625 0.246875
2 0.36875 0.61171875 0.2015625 0.2390625
6 0.1125 0.58984375 0.209375 0.2421875
5 0.8875 0.40546875 0.20625 0.246875
5 0.63125 0.38203125 0.2390625 0.2546875
7 0.3921875 0.36328125 0.2109375 0.2421875
2 0.1359375 0.34140625 0.1875 0.240625
6 0.9 0.1546875 0.2 0.228125
4 0.66015625 0.13203125 0.19375 0.253125
2 0.4140625 0.12421875 0.2375 0.2484375
2 0.16328125 0.10625 0.2078125 0.2125