6 0.9 0.17265625 0.2 0.2421875
5 0.6640625 0.146875 0.209375 0.2453125
2 0.41328125 0.13125 0.209375 0.2359375
4 0.18125 0.103125 0.225 0.20625
4 0.88359375 0.41875 0.225 0.253125
4 0.64296875 0.3921875 0.2421875 0.240625
5 0.39140625 0.37578125 0.228125 0.2484375
2 0.14921875 0.33359375 0.2203125 0.2125
5 0.859375 0.66953125 0.2390625 0.234375
5 0.60859375 0.6484375 0.2484375 0.24375
5 0.1015625 0.8390625 0.203125 0.2375
4 0.36171875 0.6203125 0.234375 0.2421875
7 0.1140625 0.59921875 0.228125 0.2546875
6 0.83359375 0.9015625 0.2609375 0.196875
7 0.58203125 0.88125 0.2203125 0.2375
4 0.3359375 0.86953125 0.246875 0.253125