6 0.16484375 0.10703125 0.2234375 0.2140625
5 0.4125 0.12109375 0.209375 0.2421875
2 0.66171875 0.15703125 0.209375 0.2359375
4 0.89140625 0.1671875 0.2171875 0.228125
4 0.1421875 0.340625 0.225 0.253125
4 0.38203125 0.36484375 0.2421875 0.240625
5 0.63203125 0.40078125 0.228125 0.2484375
2 0.878125 0.41015625 0.2203125 0.2125
5 0.11640625 0.590625 0.2328125 0.234375
5 0.36328125 0.62265625 0.2484375 0.24375
5 0.8328125 0.9 0.23125 0.2
4 0.61015625 0.646875 0.234375 0.2421875
7 0.8609375 0.67890625 0.2375 0.2546875
6 0.1078125 0.84765625 0.215625 0.2453125
7 0.3375 0.865625 0.2203125 0.2578125
4 0.5828125 0.884375 0.246875 0.23125