2 0.82734375 0.8984375 0.2171875 0.203125
4 0.57421875 0.88359375 0.2046875 0.2328125
2 0.3265625 0.84765625 0.21875 0.24375
6 0.0859375 0.81328125 0.171875 0.2359375
4 0.84921875 0.67734375 0.2125 0.259375
4 0.6046875 0.6390625 0.225 0.25625
2 0.36328125 0.6046875 0.2125 0.246875
6 0.109375 0.56953125 0.21875 0.2515625
5 0.89140625 0.42578125 0.2171875 0.2546875
5 0.63671875 0.3890625 0.25 0.2640625
7 0.39921875 0.3578125 0.221875 0.2515625
2 0.14453125 0.321875 0.1984375 0.2484375
6 0.90625 0.1765625 0.1875 0.2375
4 0.67890625 0.140625 0.2046875 0.2609375
2 0.4328125 0.12421875 0.25 0.2484375
2 0.1859375 0.1 0.21875 0.2