4 0.81796875 0.8953125 0.2234375 0.209375
5 0.57421875 0.8796875 0.2328125 0.2375
2 0.3515625 0.84609375 0.1671875 0.2296875
6 0.0953125 0.821875 0.190625 0.253125
7 0.86015625 0.66875 0.2109375 0.2375
7 0.615625 0.6375 0.24375 0.2484375
6 0.3609375 0.60703125 0.221875 0.2484375
4 0.11484375 0.57734375 0.228125 0.2546875
4 0.88515625 0.42265625 0.2109375 0.2609375
2 0.6421875 0.39296875 0.203125 0.2421875
7 0.390625 0.3546875 0.2234375 0.2484375
2 0.14609375 0.32421875 0.228125 0.25
5 0.91328125 0.16328125 0.1734375 0.2421875
6 0.68046875 0.1359375 0.209375 0.2265625
2 0.42265625 0.1125 0.2046875 0.225
4 0.17265625 0.10546875 0.2140625 0.2109375