5 0.75625 0.090625 0.25625 0.18125
5 0.0875 0.23515625 0.175 0.2796875
5 0.26953125 0.17265625 0.2703125 0.2921875
5 0.83515625 0.28359375 0.265625 0.2796875
4 0.51875 0.1265625 0.278125 0.253125
4 0.12265625 0.4859375 0.2453125 0.290625
2 0.3328125 0.40390625 0.2671875 0.278125
6 0.59296875 0.3515625 0.2640625 0.2828125
2 0.16875 0.725 0.2453125 0.25625
6 0.41796875 0.67109375 0.246875 0.2625
7 0.65 0.59375 0.275 0.2703125
6 0.88671875 0.5328125 0.2265625 0.2625
7 0.2375 0.92109375 0.221875 0.1578125
2 0.475 0.8890625 0.228125 0.221875
2 0.71484375 0.840625 0.2546875 0.275
6 0.9140625 0.775 0.171875 0.271875