5 0.09140625 0.78125 0.1828125 0.26875
5 0.78046875 0.90546875 0.2609375 0.1890625
5 0.54921875 0.8765625 0.2640625 0.246875
5 0.115625 0.534375 0.23125 0.275
4 0.29921875 0.83671875 0.271875 0.2828125
4 0.8421875 0.69765625 0.275 0.2859375
2 0.60234375 0.66328125 0.2609375 0.2734375
6 0.3484375 0.5875 0.259375 0.2765625
2 0.8890625 0.45703125 0.221875 0.2515625
6 0.65234375 0.3875 0.240625 0.2578125
7 0.41171875 0.346875 0.2703125 0.2640625
6 0.16796875 0.28515625 0.2328125 0.2578125
7 0.92265625 0.20625 0.1546875 0.25625
2 0.7140625 0.15078125 0.221875 0.2578125
2 0.46953125 0.11640625 0.2484375 0.2328125
6 0.22734375 0.08828125 0.2484375 0.1765625