4 0.18046875 0.1046875 0.2234375 0.209375
5 0.42578125 0.1203125 0.2328125 0.2375
2 0.6484375 0.15390625 0.1671875 0.2296875
6 0.90390625 0.178125 0.1921875 0.253125
7 0.13984375 0.33125 0.2109375 0.2375
7 0.384375 0.3625 0.24375 0.2484375
6 0.6390625 0.39296875 0.221875 0.2484375
4 0.88515625 0.42265625 0.228125 0.2546875
4 0.11484375 0.57734375 0.2109375 0.2609375
2 0.3578125 0.60703125 0.203125 0.2421875
7 0.609375 0.6453125 0.2234375 0.2484375
2 0.85390625 0.67578125 0.228125 0.25
5 0.0859375 0.83671875 0.171875 0.2421875
6 0.31953125 0.8640625 0.209375 0.2265625
2 0.57734375 0.8875 0.2046875 0.225
4 0.82578125 0.89453125 0.2140625 0.2109375