5 0.1234375 0.134375 0.190625 0.221875
5 0.39140625 0.1265625 0.1734375 0.2390625
5 0.6203125 0.1328125 0.2 0.21875
4 0.8765625 0.13046875 0.1953125 0.2140625
4 0.1265625 0.3796875 0.2078125 0.2125
6 0.3734375 0.3859375 0.1765625 0.2171875
6 0.628125 0.36875 0.209375 0.2265625
5 0.8765625 0.38125 0.1953125 0.2125
2 0.11640625 0.6234375 0.1734375 0.221875
4 0.37734375 0.64140625 0.1734375 0.2140625
2 0.63125 0.63203125 0.18125 0.2015625
2 0.8765625 0.6296875 0.2 0.2109375
4 0.1203125 0.88203125 0.1859375 0.2359375
7 0.3703125 0.88359375 0.2078125 0.2328125
5 0.60859375 0.890625 0.1734375 0.21875
7 0.8671875 0.878125 0.178125 0.24375