5 0.20703125 0.90390625 0.2328125 0.1921875
5 0.4703125 0.87578125 0.21875 0.2484375
5 0.69375 0.834375 0.240625 0.25625
4 0.91328125 0.7828125 0.1734375 0.25
4 0.159375 0.6953125 0.246875 0.2515625
6 0.4 0.6375 0.2171875 0.2484375
6 0.65234375 0.6015625 0.2515625 0.265625
5 0.8875 0.53671875 0.225 0.2484375
2 0.103125 0.459375 0.20625 0.253125
4 0.35078125 0.3875 0.2140625 0.2453125
2 0.60078125 0.34375 0.21875 0.234375
2 0.84140625 0.29453125 0.2390625 0.2484375
4 0.08203125 0.2046875 0.1640625 0.26875
7 0.29375 0.1515625 0.2515625 0.2703125
5 0.525 0.11015625 0.215625 0.2203125
7 0.7796875 0.0953125 0.225 0.190625