7 0.0859375 0.7734375 0.171875 0.26875
5 0.29921875 0.81953125 0.271875 0.2734375
2 0.5421875 0.875 0.259375 0.25
7 0.778125 0.90234375 0.253125 0.1953125
6 0.1125 0.521875 0.225 0.265625
7 0.35390625 0.58671875 0.2640625 0.2859375
2 0.59140625 0.63984375 0.2625 0.2734375
2 0.84140625 0.703125 0.265625 0.2765625
7 0.16328125 0.2890625 0.2578125 0.2609375
6 0.40390625 0.34296875 0.28125 0.2734375
7 0.646875 0.40703125 0.2875 0.2796875
2 0.88359375 0.45859375 0.2328125 0.2734375
7 0.23046875 0.0921875 0.2609375 0.184375
4 0.4609375 0.12109375 0.265625 0.2421875
6 0.70390625 0.1640625 0.290625 0.2984375
5 0.903125 0.2203125 0.19375 0.290625