7 0.91328125 0.2265625 0.1734375 0.26875
5 0.70078125 0.18046875 0.271875 0.2734375
2 0.45625 0.125 0.259375 0.25
7 0.221875 0.096875 0.253125 0.19375
6 0.8875 0.4765625 0.225 0.265625
7 0.64609375 0.41328125 0.2640625 0.2859375
2 0.40859375 0.36015625 0.2625 0.2734375
2 0.15859375 0.296875 0.265625 0.2765625
7 0.83671875 0.7109375 0.2578125 0.2609375
6 0.59609375 0.65703125 0.28125 0.2734375
7 0.353125 0.59296875 0.2875 0.2796875
2 0.11640625 0.53984375 0.2328125 0.2734375
7 0.76796875 0.90703125 0.2609375 0.1859375
4 0.5390625 0.878125 0.265625 0.24375
6 0.29609375 0.8359375 0.290625 0.2984375
5 0.096875 0.7796875 0.19375 0.290625