5 0.82109375 0.10390625 0.2203125 0.2078125
5 0.55546875 0.12265625 0.2046875 0.2453125
5 0.3296875 0.153125 0.228125 0.24375
4 0.09375 0.18671875 0.1875 0.2390625
4 0.853125 0.32890625 0.2359375 0.2390625
6 0.609375 0.36953125 0.2046875 0.2390625
6 0.3546875 0.3875 0.2390625 0.253125
5 0.1109375 0.434375 0.221875 0.2375
2 0.896875 0.56875 0.203125 0.24375
4 0.64140625 0.62265625 0.2015625 0.2359375
2 0.38828125 0.64921875 0.2078125 0.225
2 0.1453125 0.68046875 0.228125 0.2375
4 0.91015625 0.825 0.1796875 0.259375
7 0.68203125 0.86171875 0.2375 0.259375
5 0.44609375 0.890625 0.2015625 0.21875
7 0.18828125 0.89609375 0.2109375 0.2078125