6 0.7453125 0.09296875 0.2625 0.1859375
2 0.5203125 0.12265625 0.2625 0.2453125
4 0.2703125 0.1765625 0.259375 0.29375
5 0.09296875 0.2328125 0.1859375 0.2875
6 0.834375 0.26953125 0.2703125 0.26875
4 0.60078125 0.340625 0.259375 0.284375
2 0.35625 0.41171875 0.265625 0.2796875
4 0.121875 0.46796875 0.2375 0.271875
4 0.8921875 0.51171875 0.215625 0.2765625
4 0.6515625 0.58984375 0.2828125 0.2953125
2 0.4125 0.65 0.2484375 0.2734375
5 0.16953125 0.71015625 0.2828125 0.29375
2 0.9234375 0.76171875 0.153125 0.2609375
4 0.734375 0.82890625 0.2421875 0.2578125
4 0.4734375 0.88125 0.271875 0.2375
6 0.2421875 0.9203125 0.2625 0.159375