6 0.8671875 0.8609375 0.2171875 0.2390625
2 0.63671875 0.8734375 0.215625 0.246875
4 0.37421875 0.87421875 0.2109375 0.2515625
5 0.146875 0.88125 0.225 0.2375
6 0.8859375 0.62265625 0.228125 0.2265625
4 0.64296875 0.6234375 0.2125 0.2453125
2 0.3890625 0.6265625 0.2203125 0.240625
4 0.14765625 0.64140625 0.190625 0.2390625
4 0.8859375 0.3703125 0.1984375 0.2421875
4 0.61875 0.3703125 0.234375 0.253125
2 0.37265625 0.3828125 0.203125 0.2375
5 0.12265625 0.39609375 0.2359375 0.2515625
2 0.871875 0.11171875 0.2 0.2234375
4 0.628125 0.1171875 0.2 0.221875
4 0.35703125 0.12109375 0.2265625 0.240625
6 0.115625 0.121875 0.221875 0.225