6 0.1453125 0.1265625 0.209375 0.23125
2 0.3765625 0.121875 0.2078125 0.2390625
4 0.63828125 0.128125 0.2015625 0.25
5 0.865625 0.1265625 0.2171875 0.2390625
6 0.1171875 0.3640625 0.221875 0.21875
4 0.36171875 0.371875 0.2046875 0.2390625
2 0.615625 0.37734375 0.2125 0.2328125
4 0.85703125 0.37109375 0.1828125 0.2328125
4 0.109375 0.61640625 0.190625 0.2359375
4 0.3765625 0.62578125 0.2265625 0.2453125
2 0.6234375 0.621875 0.1953125 0.23125
5 0.8734375 0.6171875 0.228125 0.24375
2 0.11484375 0.875 0.1921875 0.21875
4 0.35859375 0.878125 0.1921875 0.215625
4 0.6296875 0.88359375 0.21875 0.2328125
6 0.87109375 0.89140625 0.2140625 0.2171875