6 0.1359375 0.86875 0.190625 0.21875
7 0.3765625 0.8765625 0.1453125 0.23125
6 0.6296875 0.8703125 0.2 0.23125
5 0.8765625 0.8671875 0.159375 0.21875
6 0.1234375 0.62265625 0.2 0.2328125
2 0.37109375 0.61328125 0.1828125 0.2140625
6 0.6234375 0.6234375 0.215625 0.240625
2 0.87109375 0.621875 0.2234375 0.240625
2 0.12109375 0.3734375 0.1921875 0.2265625
2 0.3703125 0.365625 0.221875 0.2125
6 0.62421875 0.3734375 0.2046875 0.21875
4 0.8796875 0.365625 0.2078125 0.221875
5 0.1265625 0.12421875 0.19375 0.2484375
7 0.371875 0.1140625 0.196875 0.228125
6 0.61640625 0.115625 0.2140625 0.23125
4 0.87734375 0.11796875 0.1828125 0.2359375