6 0.1828125 0.1046875 0.215625 0.209375
7 0.4234375 0.1171875 0.171875 0.234375
6 0.67421875 0.1484375 0.2265625 0.253125
5 0.91328125 0.18046875 0.1734375 0.2359375
6 0.14140625 0.33203125 0.2265625 0.2546875
2 0.3859375 0.371875 0.2078125 0.234375
6 0.6375 0.3921875 0.24375 0.265625
2 0.878125 0.4234375 0.24375 0.265625
2 0.10859375 0.57890625 0.2171875 0.2484375
2 0.3546875 0.6171875 0.246875 0.2375
6 0.6078125 0.640625 0.2296875 0.2421875
4 0.86015625 0.6796875 0.2328125 0.2453125
5 0.096875 0.82734375 0.19375 0.2703125
7 0.32578125 0.8671875 0.2234375 0.25
6 0.56875 0.88359375 0.240625 0.2328125
4 0.82734375 0.8984375 0.2109375 0.203125