2 0.10859375 0.83671875 0.2171875 0.2546875
4 0.33828125 0.8578125 0.228125 0.25625
4 0.58984375 0.88046875 0.2046875 0.2390625
6 0.83515625 0.88671875 0.2421875 0.2265625
7 0.11484375 0.584375 0.2109375 0.2484375
2 0.3671875 0.6125 0.2328125 0.24375
4 0.6171875 0.63125 0.228125 0.2453125
7 0.8671875 0.653125 0.2015625 0.246875
5 0.1359375 0.34296875 0.2390625 0.259375
5 0.3859375 0.36171875 0.225 0.2578125
4 0.628125 0.3765625 0.1734375 0.2390625
4 0.8828125 0.4046875 0.1984375 0.2546875
7 0.1703125 0.1015625 0.184375 0.203125
5 0.4078125 0.11015625 0.215625 0.2203125
6 0.6546875 0.12734375 0.1953125 0.2453125
7 0.89375 0.15546875 0.2125 0.2609375