5 0.21015625 0.08984375 0.2703125 0.1796875
6 0.45390625 0.1296875 0.2484375 0.259375
4 0.703125 0.1546875 0.2671875 0.28125
7 0.90390625 0.20703125 0.1921875 0.2671875
2 0.16171875 0.30390625 0.2890625 0.290625
6 0.4078125 0.3578125 0.278125 0.275
7 0.63984375 0.41640625 0.246875 0.2640625
6 0.875 0.45859375 0.25 0.2734375
2 0.1265625 0.5453125 0.253125 0.271875
7 0.33984375 0.60078125 0.2515625 0.2625
7 0.6015625 0.65859375 0.246875 0.2640625
2 0.83828125 0.70625 0.2640625 0.2671875
5 0.0890625 0.79140625 0.178125 0.2796875
4 0.30859375 0.8484375 0.271875 0.28125
2 0.5546875 0.8765625 0.271875 0.246875
5 0.77890625 0.90859375 0.2515625 0.1828125