5 0.88828125 0.8609375 0.2234375 0.234375
6 0.64140625 0.85 0.2171875 0.24375
4 0.39375 0.8796875 0.234375 0.240625
7 0.15546875 0.8875 0.2203125 0.225
2 0.87421875 0.60078125 0.2515625 0.2578125
6 0.62578125 0.6140625 0.2484375 0.24375
7 0.38671875 0.6171875 0.215625 0.2375
6 0.13828125 0.6390625 0.2390625 0.2421875
2 0.85859375 0.35625 0.2421875 0.240625
7 0.62890625 0.3609375 0.2203125 0.234375
7 0.3609375 0.37265625 0.215625 0.2375
2 0.1203125 0.38828125 0.2328125 0.2375
5 0.859375 0.11328125 0.225 0.2265625
4 0.59453125 0.11953125 0.2390625 0.2390625
2 0.34453125 0.13046875 0.2390625 0.25625
5 0.11328125 0.13515625 0.2203125 0.2421875