2 0.884375 0.8578125 0.2296875 0.24375
4 0.6421875 0.865625 0.215625 0.246875
4 0.38984375 0.8796875 0.1921875 0.2390625
6 0.14453125 0.88046875 0.2296875 0.2390625
7 0.88046875 0.6046875 0.1984375 0.2390625
2 0.6265625 0.61875 0.221875 0.234375
4 0.37578125 0.625 0.2171875 0.2359375
7 0.12578125 0.63359375 0.190625 0.2375
5 0.871875 0.36171875 0.2265625 0.2484375
5 0.62109375 0.3671875 0.2125 0.246875
4 0.378125 0.36953125 0.1625 0.23125
4 0.12265625 0.38515625 0.1859375 0.246875
7 0.84921875 0.10859375 0.1734375 0.2171875
5 0.61328125 0.11015625 0.2046875 0.2203125
6 0.36484375 0.1203125 0.184375 0.2375
7 0.12265625 0.1359375 0.203125 0.2515625