5 0.1234375 0.11796875 0.228125 0.2234375
6 0.37734375 0.14296875 0.2046875 0.2328125
4 0.6265625 0.1203125 0.221875 0.240625
7 0.8640625 0.1234375 0.209375 0.228125
2 0.128125 0.37890625 0.24375 0.2453125
6 0.38046875 0.3796875 0.2359375 0.23125
7 0.61953125 0.3890625 0.2046875 0.2265625
6 0.86875 0.3796875 0.2265625 0.23125
2 0.134375 0.625 0.23125 0.228125
7 0.3640625 0.63203125 0.209375 0.2234375
7 0.63203125 0.634375 0.2046875 0.2265625
2 0.8734375 0.63125 0.221875 0.2265625
5 0.1203125 0.8796875 0.2125 0.240625
4 0.38515625 0.88046875 0.2265625 0.2390625
2 0.6359375 0.87734375 0.2265625 0.2453125
5 0.8671875 0.884375 0.2078125 0.23125