5 0.0890625 0.78671875 0.178125 0.2453125
2 0.3109375 0.8359375 0.2296875 0.259375
2 0.54453125 0.88359375 0.2421875 0.2328125
6 0.79921875 0.90234375 0.2359375 0.1953125
5 0.12109375 0.55625 0.2421875 0.271875
4 0.36328125 0.5984375 0.234375 0.25625
7 0.61484375 0.64609375 0.2546875 0.2765625
6 0.84140625 0.7 0.2484375 0.2625
7 0.1515625 0.3015625 0.2484375 0.2578125
2 0.40078125 0.3484375 0.2390625 0.25625
2 0.65234375 0.39921875 0.234375 0.2734375
6 0.88359375 0.44375 0.2328125 0.25625
7 0.2078125 0.10078125 0.225 0.2015625
6 0.4453125 0.11484375 0.225 0.2296875
7 0.69140625 0.1421875 0.221875 0.25
2 0.90625 0.20390625 0.1875 0.2859375