5 0.9140625 0.771875 0.171875 0.25
2 0.70078125 0.82890625 0.2359375 0.2640625
2 0.46796875 0.8828125 0.2484375 0.234375
6 0.21640625 0.90625 0.2421875 0.1875
5 0.87734375 0.5421875 0.2453125 0.278125
4 0.640625 0.59375 0.240625 0.2609375
7 0.390625 0.65 0.2609375 0.2828125
6 0.165625 0.71171875 0.2546875 0.2671875
7 0.84140625 0.28984375 0.2546875 0.2640625
2 0.59453125 0.3453125 0.2453125 0.2609375
2 0.34375 0.4046875 0.240625 0.278125
6 0.1171875 0.45703125 0.234375 0.2609375
7 0.775 0.096875 0.23125 0.19375
6 0.540625 0.115625 0.23125 0.23125
7 0.29609375 0.14921875 0.2265625 0.2546875
2 0.08984375 0.21953125 0.1796875 0.2921875