4 0.21171875 0.09765625 0.2578125 0.1953125
7 0.4546875 0.128125 0.253125 0.25625
2 0.7046875 0.153125 0.240625 0.2515625
6 0.9125 0.21640625 0.175 0.2546875
5 0.159375 0.30234375 0.24375 0.2609375
2 0.3921875 0.35546875 0.240625 0.246875
7 0.6484375 0.4234375 0.2484375 0.240625
6 0.8890625 0.46875 0.221875 0.271875
5 0.1203125 0.55078125 0.240625 0.2453125
7 0.36640625 0.6234375 0.2359375 0.2453125
6 0.59375 0.65234375 0.2421875 0.2296875
2 0.83359375 0.69296875 0.271875 0.2578125
2 0.0875 0.80546875 0.175 0.2546875
5 0.303125 0.84453125 0.28125 0.2875
6 0.5390625 0.88203125 0.271875 0.2359375
2 0.78125 0.90546875 0.253125 0.1890625