6 0.91015625 0.7828125 0.1796875 0.253125
6 0.69921875 0.8421875 0.240625 0.271875
6 0.4546875 0.87421875 0.24375 0.2515625
2 0.20625 0.90390625 0.25 0.1921875
6 0.88671875 0.54609375 0.2265625 0.2796875
4 0.6484375 0.59609375 0.2671875 0.2796875
2 0.3984375 0.6453125 0.2234375 0.2671875
5 0.1640625 0.69921875 0.2546875 0.278125
6 0.84375 0.2953125 0.21875 0.2640625
6 0.59765625 0.34375 0.240625 0.2546875
2 0.35234375 0.3953125 0.24375 0.2640625
7 0.11171875 0.4453125 0.2234375 0.2625
4 0.78828125 0.09609375 0.2421875 0.1921875
5 0.553125 0.11796875 0.23125 0.2359375
5 0.2984375 0.15625 0.234375 0.2609375
5 0.0828125 0.21015625 0.165625 0.2640625