4 0.86171875 0.11796875 0.2203125 0.2359375
7 0.6109375 0.13203125 0.215625 0.246875
2 0.35859375 0.12265625 0.2078125 0.2203125
6 0.1109375 0.14296875 0.2078125 0.2234375
5 0.86953125 0.3640625 0.209375 0.2296875
2 0.63125 0.3765625 0.209375 0.215625
7 0.36640625 0.39921875 0.2171875 0.209375
6 0.11171875 0.4 0.2046875 0.2421875
5 0.878125 0.61875 0.2375 0.209375
7 0.61015625 0.64453125 0.2046875 0.215625
6 0.38125 0.63359375 0.2140625 0.1984375
2 0.13828125 0.63203125 0.240625 0.221875
2 0.8859375 0.878125 0.209375 0.2234375
5 0.634375 0.8734375 0.24375 0.2515625
6 0.39140625 0.884375 0.2359375 0.23125
2 0.14375 0.884375 0.215625 0.23125