6 0.91328125 0.23203125 0.1734375 0.2578125
6 0.7109375 0.165625 0.246875 0.2765625
6 0.46875 0.12578125 0.25 0.2515625
2 0.221875 0.09140625 0.25625 0.1828125
6 0.8859375 0.4671875 0.228125 0.284375
4 0.6515625 0.40859375 0.2734375 0.2859375
2 0.403125 0.35078125 0.2296875 0.271875
5 0.17109375 0.2890625 0.2609375 0.2828125
6 0.83671875 0.71640625 0.225 0.2671875
6 0.5921875 0.66015625 0.246875 0.259375
2 0.34921875 0.59921875 0.25 0.26875
7 0.1125 0.53984375 0.225 0.2671875
4 0.77265625 0.9078125 0.2484375 0.184375
5 0.5390625 0.88125 0.2375 0.2375
5 0.28671875 0.83671875 0.240625 0.265625
5 0.0796875 0.7734375 0.159375 0.26875