2 0.11640625 0.83515625 0.209375 0.221875
7 0.346875 0.85078125 0.2390625 0.228125
2 0.60390625 0.871875 0.2015625 0.2203125
7 0.8546875 0.8890625 0.228125 0.221875
6 0.109375 0.59921875 0.2046875 0.221875
2 0.3515625 0.61171875 0.2359375 0.234375
4 0.61796875 0.61953125 0.196875 0.221875
7 0.87109375 0.65546875 0.2265625 0.21875
5 0.134375 0.3453125 0.2171875 0.246875
4 0.378125 0.3640625 0.221875 0.21875
5 0.6265625 0.37890625 0.2203125 0.2453125
5 0.8796875 0.3890625 0.196875 0.23125
7 0.14765625 0.1015625 0.2078125 0.203125
4 0.39765625 0.11484375 0.2328125 0.2296875
7 0.66171875 0.13046875 0.2375 0.25625
2 0.9015625 0.1515625 0.1953125 0.2609375