2 0.0984375 0.7921875 0.196875 0.240625
7 0.3109375 0.83359375 0.2578125 0.2484375
2 0.56484375 0.88125 0.2203125 0.2375
7 0.81171875 0.9015625 0.2484375 0.196875
6 0.10625 0.55703125 0.2125 0.2390625
2 0.340625 0.5953125 0.25625 0.2546875
4 0.6046875 0.63125 0.215625 0.2375
7 0.853125 0.69296875 0.2453125 0.2390625
5 0.15234375 0.3078125 0.2390625 0.2640625
4 0.39296875 0.3515625 0.240625 0.2375
5 0.6390625 0.39296875 0.2421875 0.2625
5 0.8890625 0.42890625 0.21875 0.246875
7 0.1921875 0.0890625 0.228125 0.178125
4 0.43828125 0.115625 0.2546875 0.23125
7 0.7 0.15 0.2609375 0.275
2 0.91328125 0.1953125 0.1734375 0.275