4 0.9140625 0.2234375 0.171875 0.2625
5 0.7 0.1625 0.2484375 0.2796875
2 0.4609375 0.1234375 0.234375 0.246875
4 0.21953125 0.08828125 0.2328125 0.1765625
7 0.88515625 0.46015625 0.2296875 0.2734375
4 0.646875 0.40859375 0.2328125 0.275
2 0.40859375 0.3609375 0.240625 0.2609375
2 0.1625 0.3 0.234375 0.25625
6 0.84375 0.70625 0.234375 0.2640625
5 0.590625 0.64765625 0.2375 0.265625
5 0.353125 0.60234375 0.228125 0.2546875
6 0.11640625 0.5296875 0.2328125 0.28125
2 0.77890625 0.91875 0.2265625 0.1625
2 0.5453125 0.8875 0.215625 0.225
2 0.2921875 0.8453125 0.2046875 0.2625
4 0.0859375 0.78671875 0.171875 0.2765625