4 0.13125 0.13125 0.18125 0.228125
5 0.38125 0.1265625 0.2 0.240625
2 0.6234375 0.1390625 0.190625 0.2171875
4 0.87265625 0.13203125 0.1921875 0.2015625
7 0.13203125 0.375 0.1828125 0.2390625
4 0.37734375 0.378125 0.1828125 0.240625
2 0.6203125 0.38515625 0.1953125 0.2234375
2 0.8734375 0.38125 0.190625 0.21875
6 0.11875 0.6234375 0.1875 0.228125
5 0.378125 0.6234375 0.190625 0.228125
5 0.6203125 0.6328125 0.184375 0.21875
6 0.878125 0.61875 0.209375 0.240625
2 0.12265625 0.890625 0.1828125 0.21875
2 0.3640625 0.8859375 0.16875 0.228125
2 0.625 0.88359375 0.15625 0.2328125
4 0.87421875 0.88046875 0.1953125 0.2390625