4 0.8875 0.15078125 0.1921875 0.2375
5 0.63828125 0.13359375 0.2125 0.25
2 0.3953125 0.1328125 0.2015625 0.2265625
4 0.146875 0.11328125 0.203125 0.2109375
7 0.87421875 0.39453125 0.1953125 0.2484375
4 0.62890625 0.384375 0.1953125 0.25
2 0.3859375 0.37890625 0.20625 0.2328125
2 0.13359375 0.36171875 0.2015625 0.228125
6 0.87421875 0.64296875 0.1984375 0.2375
5 0.615625 0.6296875 0.2015625 0.2375
5 0.37265625 0.6265625 0.1953125 0.228125
6 0.11640625 0.5984375 0.221875 0.2515625
2 0.85625 0.89765625 0.19375 0.2046875
2 0.61484375 0.88671875 0.1796875 0.2265625
2 0.35546875 0.8765625 0.16875 0.240625
4 0.10625 0.86015625 0.2078125 0.2484375