5 0.82734375 0.896875 0.2484375 0.20625
4 0.58671875 0.87890625 0.2359375 0.2421875
7 0.33203125 0.85546875 0.2359375 0.2515625
2 0.10859375 0.82265625 0.2171875 0.2640625
5 0.8546875 0.66328125 0.2234375 0.2484375
4 0.6125 0.63203125 0.2359375 0.2546875
2 0.3640625 0.6046875 0.2359375 0.2546875
5 0.11640625 0.56796875 0.2265625 0.2359375
5 0.87421875 0.415625 0.2125 0.2328125
5 0.6390625 0.3953125 0.2328125 0.2375
5 0.38515625 0.34921875 0.178125 0.2390625
6 0.13359375 0.3296875 0.2171875 0.2578125
6 0.90390625 0.1765625 0.1921875 0.246875
2 0.6734375 0.1296875 0.1984375 0.240625
4 0.4265625 0.11953125 0.246875 0.2390625
4 0.18828125 0.1015625 0.1765625 0.203125