7 0.16484375 0.88828125 0.2546875 0.2234375
5 0.4171875 0.88828125 0.209375 0.2234375
7 0.67421875 0.84453125 0.2 0.225
6 0.89453125 0.82734375 0.2109375 0.2515625
5 0.13671875 0.671875 0.2359375 0.2515625
7 0.3875 0.625 0.23125 0.228125
2 0.61875 0.6015625 0.2296875 0.2421875
4 0.87578125 0.5734375 0.2484375 0.275
2 0.1203125 0.41015625 0.221875 0.2578125
4 0.3515625 0.3953125 0.2234375 0.2703125
5 0.60390625 0.3609375 0.2203125 0.240625
6 0.85 0.3265625 0.1953125 0.2453125
5 0.1015625 0.16484375 0.203125 0.2578125
4 0.32890625 0.13984375 0.2390625 0.2671875
5 0.59375 0.1203125 0.2375 0.240625
4 0.8328125 0.1015625 0.228125 0.203125