5 0.89765625 0.82734375 0.2046875 0.2515625
4 0.67734375 0.85390625 0.2359375 0.25625
7 0.42265625 0.8796875 0.2359375 0.240625
2 0.171875 0.890625 0.271875 0.21875
5 0.88359375 0.57265625 0.2234375 0.2484375
4 0.64140625 0.60078125 0.2359375 0.2546875
2 0.39375 0.634375 0.2359375 0.2546875
5 0.14375 0.65859375 0.2265625 0.2359375
5 0.8421875 0.32734375 0.2125 0.2328125
5 0.609375 0.36484375 0.2328125 0.2375
5 0.35234375 0.38125 0.178125 0.2390625
6 0.10546875 0.42265625 0.2109375 0.2578125
6 0.82109375 0.10546875 0.2046875 0.2109375
2 0.57890625 0.109375 0.1984375 0.21875
4 0.334375 0.13671875 0.246875 0.2640625
4 0.0953125 0.1671875 0.1765625 0.2484375