7 0.875 0.13046875 0.2328125 0.2375
5 0.6234375 0.11953125 0.1890625 0.2109375
7 0.3625 0.1390625 0.1796875 0.2078125
6 0.1234375 0.13125 0.2265625 0.2296875
5 0.87890625 0.3671875 0.2140625 0.23125
7 0.625 0.3875 0.2109375 0.2078125
2 0.3921875 0.3859375 0.2078125 0.221875
4 0.1265625 0.3859375 0.2375 0.253125
2 0.86796875 0.62890625 0.2 0.2390625
4 0.63671875 0.61953125 0.2 0.2515625
5 0.38203125 0.62734375 0.1984375 0.221875
6 0.13359375 0.6359375 0.1734375 0.2296875
5 0.8703125 0.87578125 0.2 0.2390625
4 0.63203125 0.87578125 0.215625 0.246875
5 0.36484375 0.878125 0.2140625 0.24375
4 0.125 0.884375 0.20625 0.23125