7 0.11875 0.13671875 0.228125 0.2328125
5 0.3703125 0.121875 0.1859375 0.2078125
7 0.63125 0.13671875 0.1765625 0.2046875
6 0.8703125 0.125 0.221875 0.2265625
5 0.11875 0.3734375 0.209375 0.228125
7 0.3734375 0.38984375 0.2078125 0.2046875
2 0.60546875 0.384375 0.2046875 0.21875
4 0.87109375 0.3796875 0.2328125 0.2484375
2 0.134375 0.63515625 0.1953125 0.2359375
4 0.365625 0.621875 0.1953125 0.2484375
5 0.6203125 0.625 0.1953125 0.21875
6 0.86875 0.6296875 0.16875 0.2265625
5 0.1359375 0.88203125 0.1953125 0.2359375
4 0.37421875 0.878125 0.2109375 0.24375
5 0.640625 0.878125 0.209375 0.24375
4 0.88203125 0.88203125 0.2015625 0.2359375