5 0.0921875 0.7625 0.184375 0.2625
2 0.29140625 0.8328125 0.290625 0.290625
4 0.528125 0.88125 0.2375 0.2375
2 0.778125 0.9078125 0.20625 0.184375
4 0.1125 0.53515625 0.225 0.2859375
7 0.353125 0.5875 0.259375 0.2578125
6 0.59375 0.64375 0.21875 0.24375
7 0.83203125 0.70625 0.2609375 0.2796875
2 0.175 0.28203125 0.2515625 0.2625
5 0.40234375 0.3453125 0.25 0.2703125
4 0.64453125 0.409375 0.2453125 0.2734375
2 0.88359375 0.465625 0.2328125 0.2625
2 0.2296875 0.08359375 0.234375 0.1671875
4 0.46875 0.1140625 0.2375 0.228125
7 0.71328125 0.159375 0.2640625 0.28125
5 0.9140625 0.22265625 0.171875 0.2765625