5 0.19921875 0.9015625 0.2671875 0.196875
2 0.4515625 0.87421875 0.28125 0.2515625
4 0.690625 0.84296875 0.228125 0.2515625
2 0.92109375 0.78828125 0.1578125 0.2578125
4 0.15859375 0.6984375 0.2265625 0.278125
7 0.40390625 0.64140625 0.25 0.25
6 0.64609375 0.59140625 0.209375 0.2375
7 0.88125 0.5453125 0.2375 0.271875
2 0.1171875 0.4390625 0.234375 0.253125
5 0.34609375 0.40078125 0.240625 0.2625
4 0.59296875 0.35703125 0.2359375 0.265625
2 0.8390625 0.30390625 0.2359375 0.2546875
2 0.08671875 0.1953125 0.1734375 0.25
4 0.30078125 0.1453125 0.228125 0.259375
7 0.54921875 0.11875 0.2546875 0.2375
5 0.78515625 0.09765625 0.2203125 0.1953125