2 0.803125 0.90390625 0.2625 0.1921875
2 0.54921875 0.87734375 0.2453125 0.2453125
2 0.309375 0.859375 0.2359375 0.24375
6 0.084375 0.8015625 0.16875 0.2625
6 0.84765625 0.690625 0.2453125 0.2703125
5 0.6078125 0.65 0.2609375 0.278125
4 0.3515625 0.5921875 0.228125 0.2625
2 0.115625 0.5546875 0.23125 0.275
4 0.8828125 0.44765625 0.234375 0.2828125
4 0.646875 0.4078125 0.25 0.275
2 0.4 0.3515625 0.2484375 0.2671875
7 0.1578125 0.30390625 0.2640625 0.2828125
2 0.91171875 0.19921875 0.1765625 0.2734375
5 0.6953125 0.15546875 0.2546875 0.284375
5 0.43984375 0.12265625 0.2265625 0.2453125
5 0.19296875 0.09296875 0.2359375 0.1859375