5 0.1234375 0.134375 0.23125 0.2125
2 0.378125 0.1265625 0.2390625 0.240625
4 0.621875 0.1265625 0.190625 0.21875
2 0.878125 0.13203125 0.1546875 0.2328125
4 0.12734375 0.3703125 0.1828125 0.2484375
7 0.37890625 0.3796875 0.2140625 0.2125
6 0.62578125 0.3828125 0.1734375 0.2078125
7 0.871875 0.38046875 0.209375 0.2359375
2 0.13203125 0.6328125 0.2046875 0.21875
5 0.36796875 0.6265625 0.2015625 0.228125
4 0.61875 0.62265625 0.1953125 0.2328125
2 0.8703125 0.628125 0.196875 0.221875
2 0.1265625 0.8828125 0.1875 0.21875
4 0.371875 0.8859375 0.1875 0.228125
7 0.62421875 0.88203125 0.2140625 0.2359375
5 0.8640625 0.8765625 0.178125 0.240625