2 0.09140625 0.20234375 0.1828125 0.2703125
2 0.30859375 0.1578125 0.2453125 0.2671875
2 0.54140625 0.10859375 0.2359375 0.2171875
6 0.8 0.0921875 0.228125 0.184375
6 0.1140625 0.45234375 0.228125 0.2703125
5 0.34375 0.4015625 0.2609375 0.278125
4 0.603125 0.35859375 0.228125 0.2625
2 0.84453125 0.30078125 0.2515625 0.275
4 0.15625 0.69609375 0.253125 0.2828125
4 0.3984375 0.640625 0.25 0.275
2 0.6484375 0.6 0.2484375 0.2671875
7 0.87890625 0.55390625 0.2421875 0.2828125
2 0.203125 0.90390625 0.2375 0.1921875
5 0.44765625 0.875 0.2546875 0.25
5 0.70234375 0.84296875 0.2265625 0.2796875
5 0.91640625 0.8 0.1671875 0.265625