6 0.175 0.1015625 0.209375 0.203125
6 0.4203125 0.1171875 0.215625 0.234375
5 0.67109375 0.14609375 0.2484375 0.25625
7 0.90234375 0.184375 0.1953125 0.24375
6 0.140625 0.334375 0.2234375 0.25
6 0.39453125 0.35625 0.20625 0.2609375
5 0.63203125 0.39296875 0.2265625 0.246875
2 0.878125 0.4203125 0.2046875 0.259375
7 0.1109375 0.5859375 0.1953125 0.2375
4 0.3578125 0.60703125 0.2078125 0.2484375
4 0.6078125 0.64453125 0.2140625 0.2546875
2 0.8515625 0.66953125 0.21875 0.2578125
5 0.0921875 0.8328125 0.184375 0.25625
4 0.32578125 0.86171875 0.178125 0.25
4 0.57109375 0.8859375 0.2234375 0.228125
2 0.821875 0.90390625 0.2 0.1921875