6 0.91015625 0.18515625 0.1796875 0.2546875
6 0.68359375 0.14921875 0.2234375 0.2484375
5 0.43203125 0.121875 0.2546875 0.24375
7 0.1953125 0.10390625 0.209375 0.2078125
6 0.8875 0.4390625 0.225 0.25625
6 0.640625 0.390625 0.2140625 0.265625
5 0.40234375 0.36015625 0.234375 0.2515625
2 0.15859375 0.31953125 0.2125 0.2640625
7 0.85 0.68984375 0.203125 0.2421875
4 0.60703125 0.6421875 0.2140625 0.253125
4 0.35625 0.609375 0.221875 0.259375
2 0.115625 0.56640625 0.2265625 0.2625
5 0.8125 0.90234375 0.215625 0.1953125
4 0.56796875 0.884375 0.1859375 0.23125
4 0.32265625 0.8625 0.2296875 0.25625
2 0.08671875 0.82265625 0.1734375 0.2484375