6 0.12578125 0.121875 0.1828125 0.228125
6 0.3734375 0.125 0.190625 0.221875
5 0.6265625 0.128125 0.221875 0.23125
7 0.865625 0.13671875 0.1765625 0.2234375
6 0.1234375 0.3796875 0.196875 0.228125
6 0.378125 0.3703125 0.178125 0.240625
5 0.61796875 0.37734375 0.2015625 0.2234375
2 0.865625 0.375 0.1765625 0.2390625
7 0.12421875 0.6328125 0.1703125 0.21875
4 0.371875 0.6234375 0.18125 0.228125
4 0.625 0.63046875 0.1875 0.2328125
2 0.86953125 0.62578125 0.1921875 0.2359375
5 0.1234375 0.88203125 0.18125 0.2359375
4 0.37109375 0.88046875 0.1515625 0.2328125
4 0.61875 0.8859375 0.196875 0.228125
2 0.87265625 0.88671875 0.1734375 0.2234375