6 0.17421875 0.89140625 0.2234375 0.2171875
5 0.4296875 0.88125 0.175 0.2375
6 0.6734375 0.8515625 0.196875 0.25
5 0.90625 0.82421875 0.1875 0.2484375
4 0.14609375 0.66640625 0.25 0.2640625
6 0.39453125 0.640625 0.20625 0.2390625
4 0.63671875 0.60234375 0.2453125 0.2578125
4 0.8890625 0.58203125 0.221875 0.2578125
4 0.11171875 0.41953125 0.2234375 0.2546875
7 0.35703125 0.38515625 0.2390625 0.25
7 0.60703125 0.34921875 0.246875 0.2484375
5 0.85859375 0.31875 0.1890625 0.2265625
5 0.096875 0.16328125 0.19375 0.2515625
6 0.32578125 0.14296875 0.24375 0.2734375
2 0.57890625 0.1140625 0.2109375 0.228125
7 0.82578125 0.1109375 0.2484375 0.221875