7 0.1546875 0.89296875 0.203125 0.2140625
6 0.3953125 0.8828125 0.225 0.234375
2 0.65234375 0.8578125 0.221875 0.23125
2 0.8953125 0.83203125 0.209375 0.2234375
4 0.14140625 0.6515625 0.209375 0.221875
4 0.3875 0.6359375 0.2484375 0.259375
5 0.63515625 0.60859375 0.2546875 0.2515625
2 0.87265625 0.5890625 0.2546875 0.25625
7 0.115625 0.396875 0.215625 0.2421875
7 0.36015625 0.38203125 0.234375 0.2375
4 0.61015625 0.36328125 0.2109375 0.2453125
4 0.871875 0.34296875 0.21875 0.221875
4 0.1015625 0.14453125 0.203125 0.2484375
4 0.35 0.1296875 0.24375 0.25625
6 0.59296875 0.1234375 0.2109375 0.246875
6 0.84609375 0.11171875 0.2421875 0.2234375