7 0.128125 0.121875 0.1875 0.221875
6 0.36875 0.12421875 0.209375 0.2234375
2 0.62734375 0.13203125 0.2078125 0.2171875
2 0.878125 0.140625 0.209375 0.209375
4 0.13203125 0.3734375 0.1953125 0.209375
4 0.378125 0.371875 0.23125 0.24375
5 0.62734375 0.38203125 0.2390625 0.2359375
2 0.8734375 0.38359375 0.253125 0.2390625
7 0.1234375 0.6296875 0.2 0.228125
7 0.36875 0.62734375 0.21875 0.2234375
4 0.61953125 0.62890625 0.1953125 0.2328125
4 0.88203125 0.63046875 0.2046875 0.2078125
4 0.12578125 0.88203125 0.1921875 0.2359375
4 0.3765625 0.8796875 0.228125 0.240625
6 0.6203125 0.87578125 0.19375 0.2484375
6 0.87421875 0.8796875 0.2265625 0.240625