6 0.1546875 0.884375 0.2125 0.23125
5 0.41171875 0.8796875 0.1640625 0.2328125
6 0.6546875 0.86015625 0.1859375 0.2421875
5 0.90078125 0.84453125 0.1984375 0.2390625
4 0.1375 0.646875 0.2375 0.2546875
6 0.3875 0.634375 0.1953125 0.23125
4 0.63125 0.609375 0.234375 0.246875
4 0.88515625 0.60234375 0.2109375 0.2484375
4 0.11484375 0.4 0.2171875 0.2453125
7 0.36328125 0.37734375 0.228125 0.240625
7 0.61484375 0.3546875 0.2375 0.2390625
5 0.86796875 0.3375 0.1796875 0.21875
5 0.10859375 0.1421875 0.196875 0.24375
6 0.34453125 0.134375 0.2328125 0.2625
2 0.5984375 0.11484375 0.2 0.2296875
7 0.84765625 0.1171875 0.2359375 0.234375