7 0.878125 0.128125 0.190625 0.225
6 0.6375 0.1265625 0.2125 0.2265625
2 0.37890625 0.1296875 0.2109375 0.2203125
2 0.128125 0.134375 0.2125 0.2125
4 0.8703125 0.3796875 0.1984375 0.2125
4 0.62421875 0.37421875 0.2359375 0.2484375
5 0.375 0.3796875 0.24375 0.240625
2 0.12890625 0.37734375 0.2578125 0.24375
7 0.87421875 0.6359375 0.2046875 0.23125
7 0.62890625 0.6296875 0.221875 0.2265625
4 0.378125 0.6265625 0.2 0.2359375
4 0.115625 0.6234375 0.2078125 0.2109375
4 0.8671875 0.884375 0.196875 0.23125
4 0.61640625 0.8796875 0.2328125 0.240625
6 0.3734375 0.8734375 0.1984375 0.2515625
6 0.11953125 0.8734375 0.23125 0.2453125