6 0.1265625 0.125 0.1953125 0.2484375
5 0.384375 0.12734375 0.1484375 0.2234375
6 0.62890625 0.1296875 0.1703125 0.23125
5 0.88125 0.1265625 0.1953125 0.2265625
4 0.128125 0.378125 0.221875 0.2390625
6 0.378125 0.3734375 0.18125 0.21875
4 0.6234375 0.38203125 0.21875 0.2328125
4 0.8765625 0.37109375 0.1953125 0.2359375
4 0.12265625 0.6265625 0.2015625 0.23125
7 0.371875 0.63125 0.2125 0.2265625
7 0.625 0.63671875 0.221875 0.2234375
5 0.878125 0.6359375 0.165625 0.2078125
5 0.134375 0.884375 0.18125 0.23125
6 0.3703125 0.87578125 0.215625 0.2484375
2 0.6265625 0.884375 0.184375 0.23125
7 0.875 0.8734375 0.21875 0.253125