6 0.20546875 0.8984375 0.2390625 0.203125
5 0.45859375 0.88203125 0.1890625 0.2359375
6 0.696875 0.8390625 0.2109375 0.259375
5 0.9140625 0.7921875 0.171875 0.259375
4 0.1578125 0.68984375 0.2640625 0.2765625
6 0.4046875 0.64765625 0.2203125 0.25
4 0.64375 0.5921875 0.259375 0.2703125
4 0.88828125 0.5546875 0.2234375 0.26875
4 0.11328125 0.446875 0.2265625 0.265625
7 0.34921875 0.39453125 0.2515625 0.2625
7 0.596875 0.3421875 0.2609375 0.2609375
5 0.8453125 0.29375 0.2015625 0.2359375
5 0.0890625 0.19140625 0.178125 0.2609375
6 0.30078125 0.15625 0.259375 0.284375
2 0.55 0.11484375 0.225 0.2296875
7 0.796875 0.103125 0.2625 0.20625