6 0.9 0.83359375 0.2 0.2671875
5 0.65390625 0.85859375 0.1703125 0.2375
6 0.409375 0.87890625 0.19375 0.2421875
5 0.16015625 0.89375 0.2171875 0.2125
4 0.8796875 0.58203125 0.240625 0.2609375
6 0.634375 0.61328125 0.203125 0.2359375
4 0.38984375 0.63046875 0.2421875 0.2546875
4 0.1390625 0.6671875 0.21875 0.2546875
4 0.86171875 0.334375 0.225 0.2515625
7 0.6140625 0.35625 0.234375 0.246875
7 0.36171875 0.37734375 0.24375 0.2453125
5 0.109375 0.4046875 0.1859375 0.2234375
5 0.82265625 0.1015625 0.2046875 0.203125
6 0.5890625 0.1234375 0.240625 0.246875
2 0.33359375 0.13125 0.2078125 0.25
7 0.1046875 0.1671875 0.209375 0.275