5 0.0953125 0.7875 0.190625 0.26875
5 0.30078125 0.82734375 0.253125 0.275
7 0.5546875 0.87734375 0.221875 0.2453125
5 0.77890625 0.890625 0.2453125 0.21875
4 0.11171875 0.53515625 0.2234375 0.2515625
5 0.35625 0.596875 0.2609375 0.2515625
2 0.603125 0.63828125 0.25 0.25625
2 0.8453125 0.68515625 0.21875 0.25
5 0.16484375 0.30390625 0.234375 0.265625
6 0.403125 0.35 0.246875 0.259375
6 0.63828125 0.39921875 0.2375 0.259375
6 0.8796875 0.45859375 0.240625 0.2765625
7 0.2078125 0.0953125 0.275 0.190625
7 0.4625 0.115625 0.23125 0.23125
6 0.7 0.14296875 0.2546875 0.2578125
7 0.91328125 0.20703125 0.1734375 0.2765625