5 0.90390625 0.7875 0.1921875 0.26875
5 0.69921875 0.82734375 0.253125 0.275
7 0.44375 0.87734375 0.221875 0.2453125
5 0.21953125 0.890625 0.2453125 0.21875
4 0.8875 0.53515625 0.225 0.2515625
5 0.64375 0.596875 0.2609375 0.2515625
2 0.396875 0.63828125 0.25 0.25625
2 0.1546875 0.68515625 0.21875 0.25
5 0.83515625 0.30390625 0.234375 0.265625
6 0.596875 0.35 0.246875 0.259375
6 0.36171875 0.39921875 0.2375 0.259375
6 0.11953125 0.45859375 0.2390625 0.2765625
7 0.790625 0.0953125 0.275 0.190625
7 0.5375 0.115625 0.23125 0.23125
6 0.3 0.14296875 0.2546875 0.2578125
7 0.0859375 0.20703125 0.171875 0.2765625