7 0.078125 0.80390625 0.15625 0.2609375
7 0.60703125 0.634375 0.2265625 0.2453125
7 0.64453125 0.3953125 0.23125 0.2734375
7 0.43828125 0.11796875 0.2015625 0.2359375
6 0.3203125 0.8515625 0.20625 0.2625
6 0.109375 0.56171875 0.21875 0.2453125
6 0.35859375 0.60859375 0.209375 0.2625
6 0.18203125 0.09375 0.2015625 0.1875
6 0.90234375 0.1765625 0.1953125 0.25625
4 0.5609375 0.87734375 0.228125 0.2453125
4 0.80546875 0.9015625 0.2109375 0.196875
4 0.846875 0.678125 0.2203125 0.2484375
4 0.15078125 0.31953125 0.2296875 0.259375
4 0.4 0.35234375 0.2453125 0.2546875
6 0.89453125 0.434375 0.1890625 0.2484375
6 0.6890625 0.14296875 0.1875 0.25625