2 0.1234375 0.1296875 0.21875 0.240625
6 0.3765625 0.13125 0.2265625 0.2265625
7 0.6328125 0.12578125 0.196875 0.2328125
5 0.865625 0.1234375 0.2125 0.2125
6 0.128125 0.375 0.2390625 0.23125
4 0.3859375 0.3828125 0.2078125 0.2125
2 0.6140625 0.378125 0.196875 0.221875
6 0.87734375 0.3734375 0.2140625 0.23125
5 0.134375 0.6265625 0.2078125 0.2390625
4 0.38359375 0.628125 0.1921875 0.215625
2 0.634375 0.634375 0.2125 0.228125
4 0.8765625 0.6296875 0.2265625 0.21875
5 0.1265625 0.88203125 0.2078125 0.2359375
2 0.3765625 0.88359375 0.2171875 0.2328125
7 0.66328125 0.87890625 0.1734375 0.2328125
5 0.88671875 0.88359375 0.2015625 0.2328125