2 0.08984375 0.23203125 0.1796875 0.2859375
6 0.29140625 0.171875 0.275 0.275
7 0.5375 0.1203125 0.246875 0.240625
5 0.76328125 0.0875 0.2578125 0.175
6 0.12578125 0.46796875 0.2515625 0.2828125
4 0.3609375 0.4140625 0.253125 0.25625
2 0.58125 0.35390625 0.2453125 0.2625
6 0.83515625 0.2859375 0.2640625 0.2765625
5 0.17578125 0.7109375 0.259375 0.2828125
4 0.41796875 0.65234375 0.2390625 0.25625
2 0.66328125 0.59765625 0.2609375 0.2734375
4 0.8796875 0.53359375 0.240625 0.2671875
5 0.2296875 0.91015625 0.259375 0.1796875
2 0.47265625 0.88125 0.2671875 0.2375
7 0.75 0.828125 0.225 0.2671875
5 0.92109375 0.778125 0.1578125 0.275