2 0.08828125 0.76015625 0.1765625 0.2890625
6 0.28515625 0.82421875 0.278125 0.278125
7 0.53125 0.87890625 0.25 0.2421875
5 0.75546875 0.9140625 0.2609375 0.171875
6 0.1265625 0.52421875 0.253125 0.2859375
4 0.359375 0.58359375 0.25625 0.259375
2 0.57890625 0.646875 0.246875 0.265625
6 0.83203125 0.71953125 0.2671875 0.278125
5 0.1796875 0.2828125 0.2625 0.284375
4 0.42109375 0.34609375 0.2421875 0.2578125
2 0.66484375 0.4046875 0.2640625 0.275
4 0.8796875 0.47109375 0.240625 0.2703125
5 0.2375 0.0875 0.2625 0.175
2 0.47890625 0.11875 0.2703125 0.2375
7 0.75546875 0.1765625 0.228125 0.2703125
5 0.92265625 0.22890625 0.1546875 0.2765625