7 0.90859375 0.84140625 0.16875 0.25
7 0.38203125 0.62421875 0.209375 0.2296875
7 0.36484375 0.38359375 0.2125 0.2578125
7 0.5953125 0.11796875 0.18125 0.2359375
6 0.6484375 0.865625 0.1859375 0.25
6 0.8875 0.596875 0.2109375 0.2296875
6 0.63125 0.62109375 0.1890625 0.25
6 0.853125 0.10546875 0.184375 0.2109375
6 0.1078125 0.140625 0.215625 0.240625
4 0.40546875 0.8765625 0.2109375 0.2390625
4 0.1578125 0.890625 0.19375 0.21875
4 0.1390625 0.64765625 0.203125 0.234375
4 0.8640625 0.35078125 0.2109375 0.24375
4 0.6125 0.36171875 0.228125 0.2375
6 0.1125 0.4 0.171875 0.2375
6 0.3421875 0.128125 0.16875 0.2453125