7 0.11640625 0.13125 0.1515625 0.240625
7 0.6265625 0.384375 0.1953125 0.2171875
7 0.6265625 0.62578125 0.1953125 0.2453125
7 0.378125 0.88046875 0.165625 0.2390625
6 0.37734375 0.125 0.1703125 0.2390625
6 0.1203125 0.3765625 0.196875 0.2171875
6 0.37734375 0.3703125 0.1734375 0.2390625
6 0.11875 0.8796875 0.16875 0.221875
6 0.8703125 0.8859375 0.2078125 0.2265625
4 0.6203125 0.13125 0.1953125 0.2265625
4 0.86875 0.1234375 0.178125 0.2265625
4 0.8703125 0.378125 0.1875 0.221875
4 0.1265625 0.6234375 0.1953125 0.23125
4 0.378125 0.63046875 0.2125 0.2234375
6 0.8796875 0.6265625 0.15625 0.2265625
6 0.63125 0.88203125 0.153125 0.2359375