5 0.2296875 0.90859375 0.21875 0.1828125
5 0.91875 0.77421875 0.1625 0.2484375
5 0.59765625 0.35234375 0.234375 0.2625
2 0.4671875 0.87578125 0.259375 0.2484375
2 0.1125 0.46015625 0.225 0.2703125
2 0.34765625 0.40390625 0.2671875 0.271875
2 0.0859375 0.21796875 0.171875 0.2640625
7 0.70703125 0.840625 0.23125 0.253125
7 0.16796875 0.6984375 0.2453125 0.25625
7 0.8796875 0.53125 0.240625 0.259375
7 0.84609375 0.29140625 0.2578125 0.26875
7 0.2890625 0.16328125 0.2203125 0.2796875
7 0.7765625 0.08828125 0.2375 0.1765625
6 0.4078125 0.64765625 0.2328125 0.2625
6 0.64609375 0.58828125 0.2203125 0.259375
4 0.53203125 0.11953125 0.2359375 0.2390625