6 0.1234375 0.1265625 0.1875 0.240625
5 0.3703125 0.13203125 0.2078125 0.2359375
6 0.6203125 0.13203125 0.2109375 0.2328125
7 0.87734375 0.13515625 0.1703125 0.2015625
5 0.13125 0.3796875 0.1953125 0.240625
4 0.359375 0.3734375 0.2125 0.2078125
5 0.6234375 0.384375 0.21875 0.228125
5 0.87890625 0.37578125 0.2328125 0.2328125
7 0.1296875 0.628125 0.21875 0.23125
7 0.37578125 0.6375 0.2140625 0.228125
6 0.6234375 0.6296875 0.21875 0.228125
7 0.86875 0.6234375 0.196875 0.2265625
4 0.1140625 0.88203125 0.16875 0.2140625
2 0.38203125 0.890625 0.2046875 0.21875
2 0.6234375 0.89921875 0.1953125 0.2015625
5 0.88671875 0.890625 0.2015625 0.21875