6 0.18671875 0.10234375 0.2234375 0.2046875
5 0.42890625 0.12421875 0.2421875 0.2484375
6 0.6765625 0.15546875 0.2453125 0.2625
7 0.91484375 0.1984375 0.1703125 0.225
5 0.1546875 0.3234375 0.23125 0.26875
4 0.38125 0.353125 0.2421875 0.2390625
5 0.63984375 0.40546875 0.2515625 0.259375
5 0.88046875 0.4359375 0.2390625 0.265625
7 0.11953125 0.56875 0.2390625 0.2625
7 0.35546875 0.61640625 0.246875 0.259375
6 0.6015625 0.64765625 0.2515625 0.259375
7 0.84453125 0.6796875 0.2296875 0.2546875
4 0.0796875 0.8171875 0.159375 0.2375
2 0.32265625 0.8671875 0.2359375 0.2484375
2 0.559375 0.89921875 0.225 0.2015625
5 0.82109375 0.9109375 0.2328125 0.178125