6 0.13671875 0.11796875 0.1953125 0.2359375
5 0.38359375 0.12734375 0.215625 0.24375
6 0.6328125 0.13671875 0.21875 0.240625
7 0.88984375 0.1484375 0.1765625 0.2078125
5 0.1359375 0.3671875 0.203125 0.246875
4 0.3640625 0.36875 0.2203125 0.215625
5 0.62734375 0.3890625 0.2265625 0.2359375
5 0.88125 0.3890625 0.2375 0.240625
7 0.12578125 0.61484375 0.2265625 0.2390625
7 0.37109375 0.6328125 0.221875 0.2359375
6 0.61875 0.63359375 0.2265625 0.2359375
7 0.8640625 0.6359375 0.2046875 0.2328125
4 0.10078125 0.86796875 0.1765625 0.2203125
2 0.36875 0.8859375 0.2125 0.225
2 0.60859375 0.89921875 0.2015625 0.2015625
5 0.871875 0.8953125 0.209375 0.209375