5 0.1921875 0.10078125 0.203125 0.2015625
5 0.909375 0.1875 0.18125 0.2375
5 0.61015625 0.63828125 0.2171875 0.25
2 0.43359375 0.121875 0.2421875 0.24375
2 0.1109375 0.57265625 0.221875 0.2578125
2 0.35703125 0.609375 0.2515625 0.25625
2 0.0953125 0.81953125 0.190625 0.2515625
7 0.6765625 0.14296875 0.215625 0.240625
7 0.15234375 0.33125 0.2296875 0.24375
7 0.88125 0.43359375 0.2375 0.2453125
7 0.86328125 0.67734375 0.2421875 0.2546875
7 0.31953125 0.85390625 0.2015625 0.26875
7 0.815625 0.9015625 0.221875 0.196875
6 0.3953125 0.3609375 0.215625 0.25
6 0.63828125 0.39921875 0.203125 0.2484375
4 0.565625 0.88125 0.21875 0.2375