7 0.90703125 0.78359375 0.1859375 0.2609375
7 0.88984375 0.5390625 0.209375 0.2625
7 0.39453125 0.6515625 0.228125 0.246875
7 0.84453125 0.29453125 0.2234375 0.2515625
7 0.11171875 0.446875 0.2234375 0.2625
7 0.778125 0.0859375 0.234375 0.171875
4 0.6953125 0.834375 0.2328125 0.25
4 0.4515625 0.87890625 0.225 0.2421875
4 0.6546875 0.590625 0.215625 0.2625
4 0.35546875 0.40625 0.23125 0.2609375
4 0.54609375 0.1203125 0.2421875 0.240625
5 0.20859375 0.903125 0.2390625 0.19375
7 0.15078125 0.696875 0.2234375 0.2671875
6 0.609375 0.340625 0.1953125 0.2546875
2 0.29453125 0.15546875 0.2296875 0.24375
4 0.07578125 0.20546875 0.1515625 0.2640625