7 0.7984375 0.1 0.2375 0.2
7 0.846875 0.3171875 0.2015625 0.2578125
7 0.3453125 0.3984375 0.221875 0.2421875
7 0.89375 0.5609375 0.2125 0.246875
7 0.15546875 0.6953125 0.2265625 0.2578125
7 0.9078125 0.81875 0.184375 0.253125
4 0.55546875 0.11875 0.2265625 0.2375
4 0.3109375 0.159375 0.21875 0.2515625
4 0.609375 0.3578125 0.2078125 0.259375
4 0.40078125 0.64140625 0.2234375 0.25625
4 0.6921875 0.8515625 0.2359375 0.271875
5 0.08984375 0.20234375 0.1796875 0.2578125
7 0.1046875 0.44765625 0.209375 0.2640625
6 0.6609375 0.60625 0.1890625 0.2515625
2 0.43828125 0.88828125 0.2234375 0.2234375
4 0.19765625 0.9046875 0.1859375 0.190625