7 0.13203125 0.13203125 0.2015625 0.2234375
7 0.1265625 0.38046875 0.1640625 0.2328125
7 0.634375 0.3734375 0.1875 0.2125
7 0.1203125 0.6296875 0.18125 0.21875
7 0.8734375 0.6328125 0.190625 0.228125
7 0.13203125 0.88828125 0.1921875 0.2234375
4 0.37890625 0.13203125 0.1921875 0.2140625
4 0.62734375 0.13203125 0.1828125 0.2234375
4 0.36796875 0.37890625 0.1703125 0.2328125
4 0.621875 0.621875 0.1875 0.2265625
4 0.371875 0.8796875 0.196875 0.240625
5 0.8765625 0.13125 0.1953125 0.228125
7 0.8828125 0.38046875 0.178125 0.2359375
6 0.36015625 0.6328125 0.1515625 0.228125
2 0.6296875 0.8796875 0.190625 0.209375
4 0.8734375 0.88046875 0.146875 0.2390625