4 0.89453125 0.85390625 0.1828125 0.253125
4 0.14140625 0.88515625 0.1921875 0.2296875
4 0.8859375 0.60625 0.2015625 0.2375
4 0.8671875 0.35390625 0.2046875 0.253125
4 0.8515625 0.10859375 0.190625 0.2171875
4 0.10078125 0.140625 0.1984375 0.228125
5 0.63671875 0.8640625 0.196875 0.228125
5 0.38828125 0.88125 0.2234375 0.2375
6 0.6296875 0.61875 0.1609375 0.2390625
6 0.38203125 0.63203125 0.23125 0.25625
2 0.1265625 0.6421875 0.2046875 0.2421875
2 0.36328125 0.37578125 0.190625 0.225
7 0.61015625 0.3671875 0.1890625 0.2359375
7 0.11796875 0.37421875 0.20625 0.228125
7 0.60859375 0.11875 0.1953125 0.2375
7 0.353125 0.12265625 0.20625 0.2375