7 0.79140625 0.90703125 0.2359375 0.1859375
2 0.546875 0.8796875 0.25625 0.240625
6 0.3046875 0.834375 0.2546875 0.25
2 0.0828125 0.7921875 0.165625 0.234375
2 0.83671875 0.678125 0.2171875 0.271875
7 0.60390625 0.64609375 0.25625 0.265625
5 0.3453125 0.6078125 0.2546875 0.2609375
6 0.1109375 0.546875 0.221875 0.2375
5 0.8875 0.43984375 0.225 0.25
7 0.64765625 0.40625 0.240625 0.2453125
2 0.39765625 0.34453125 0.2421875 0.265625
2 0.1625 0.29609375 0.21875 0.2515625
7 0.9078125 0.2 0.184375 0.2625
7 0.69921875 0.16015625 0.240625 0.2609375
6 0.4484375 0.10859375 0.228125 0.2171875
2 0.19921875 0.08828125 0.2734375 0.1765625