7 0.11015625 0.85859375 0.2078125 0.23125
2 0.35859375 0.86953125 0.228125 0.2390625
6 0.60859375 0.871875 0.2296875 0.2234375
2 0.85625 0.890625 0.1875 0.2140625
2 0.1296875 0.59140625 0.1859375 0.253125
7 0.3640625 0.61640625 0.228125 0.2390625
5 0.62421875 0.6421875 0.2265625 0.234375
6 0.8734375 0.6421875 0.215625 0.2125
5 0.1390625 0.3484375 0.196875 0.228125
7 0.37890625 0.3734375 0.215625 0.2203125
2 0.6375 0.37421875 0.2140625 0.2421875
2 0.8765625 0.38359375 0.190625 0.23125
7 0.15703125 0.1125 0.1953125 0.225
7 0.3890625 0.121875 0.2125 0.2375
6 0.6484375 0.11640625 0.2015625 0.228125
2 0.8890625 0.13125 0.221875 0.234375