4 0.12421875 0.12578125 0.1703125 0.2453125
4 0.878125 0.12734375 0.1796875 0.2328125
4 0.1203125 0.3734375 0.190625 0.228125
4 0.12578125 0.6265625 0.1921875 0.24375
4 0.128125 0.884375 0.178125 0.23125
4 0.8796875 0.8796875 0.1875 0.21875
5 0.3828125 0.1296875 0.1859375 0.21875
5 0.63125 0.1234375 0.2125 0.228125
6 0.3765625 0.375 0.1484375 0.23125
6 0.625 0.37421875 0.21875 0.2453125
2 0.88046875 0.37734375 0.1921875 0.2328125
2 0.6296875 0.63125 0.1796875 0.215625
7 0.3828125 0.6265625 0.178125 0.2265625
7 0.875 0.6453125 0.1953125 0.21875
7 0.37109375 0.87890625 0.1828125 0.2359375
7 0.6265625 0.884375 0.1953125 0.228125