7 0.1296875 0.121875 0.196875 0.221875
2 0.378125 0.1234375 0.2171875 0.228125
6 0.628125 0.134375 0.21875 0.2125
2 0.8765625 0.12890625 0.1765625 0.2046875
2 0.13515625 0.3890625 0.1734375 0.24375
7 0.3703125 0.3765625 0.2171875 0.228125
5 0.63125 0.36484375 0.215625 0.2234375
6 0.88046875 0.37734375 0.2046875 0.2015625
5 0.13125 0.6328125 0.1859375 0.21875
7 0.37265625 0.6203125 0.2046875 0.209375
2 0.63046875 0.6328125 0.2015625 0.23125
2 0.8703125 0.6359375 0.1796875 0.221875
7 0.13671875 0.8765625 0.1828125 0.23125
7 0.36953125 0.871875 0.2015625 0.2265625
6 0.628125 0.890625 0.190625 0.21875
2 0.88203125 0.8890625 0.2359375 0.221875