4 0.91328125 0.1890625 0.1734375 0.26875
4 0.18515625 0.10078125 0.2140625 0.2015625
4 0.89140625 0.43359375 0.2171875 0.2546875
4 0.85 0.68359375 0.228125 0.2703125
4 0.80625 0.9046875 0.2125 0.190625
4 0.0875 0.81484375 0.175 0.2453125
5 0.6734375 0.15234375 0.2171875 0.2453125
5 0.42890625 0.11796875 0.2453125 0.2359375
6 0.64140625 0.39609375 0.1828125 0.2515625
6 0.39609375 0.35625 0.2546875 0.2765625
2 0.14375 0.31953125 0.2265625 0.259375
2 0.3515625 0.609375 0.2109375 0.240625
7 0.59609375 0.64296875 0.2109375 0.2515625
7 0.11015625 0.584375 0.2203125 0.246875
7 0.56796875 0.88203125 0.2171875 0.2359375
7 0.31484375 0.86015625 0.228125 0.25625