4 0.85703125 0.884375 0.2171875 0.23125
2 0.61171875 0.871875 0.203125 0.2515625
7 0.3421875 0.87578125 0.196875 0.24375
5 0.10859375 0.8546875 0.2125 0.2421875
6 0.8703125 0.63203125 0.1984375 0.225
5 0.6296875 0.6265625 0.203125 0.228125
4 0.3734375 0.61875 0.190625 0.2328125
6 0.11015625 0.59921875 0.1875 0.2140625
5 0.87265625 0.38671875 0.234375 0.246875
2 0.63359375 0.37421875 0.2 0.2203125
4 0.13203125 0.35390625 0.18125 0.225
2 0.87890625 0.1296875 0.225 0.240625
4 0.65234375 0.1171875 0.2046875 0.2296875
4 0.3921875 0.11953125 0.203125 0.2390625
2 0.12890625 0.10703125 0.2296875 0.2140625