2 0.0921875 0.20546875 0.184375 0.2546875
2 0.88359375 0.5578125 0.2328125 0.259375
2 0.20703125 0.9078125 0.2390625 0.184375
5 0.3109375 0.1640625 0.2296875 0.2546875
5 0.559375 0.12109375 0.221875 0.2421875
5 0.69921875 0.85 0.2234375 0.2625
7 0.7890625 0.07734375 0.18125 0.1546875
7 0.9140625 0.8046875 0.171875 0.259375
6 0.115625 0.45546875 0.21875 0.2484375
6 0.35859375 0.4078125 0.2453125 0.265625
6 0.8390625 0.30703125 0.2453125 0.265625
6 0.15625 0.69921875 0.2640625 0.2609375
4 0.60078125 0.35703125 0.2234375 0.2546875
4 0.39765625 0.6546875 0.2484375 0.26875
4 0.65703125 0.603125 0.2203125 0.25
4 0.45546875 0.88359375 0.2265625 0.2328125