4 0.1296875 0.12734375 0.209375 0.2234375
2 0.375 0.13203125 0.1953125 0.2453125
7 0.64453125 0.11875 0.1890625 0.2375
5 0.87890625 0.13203125 0.2046875 0.2359375
6 0.125 0.38125 0.190625 0.21875
5 0.365625 0.378125 0.1953125 0.221875
4 0.62265625 0.3765625 0.1828125 0.2265625
6 0.8859375 0.3875 0.1796875 0.2078125
5 0.13125 0.6265625 0.2265625 0.2390625
2 0.37109375 0.63046875 0.1921875 0.2140625
4 0.87265625 0.6328125 0.1734375 0.21875
2 0.134375 0.88359375 0.2171875 0.2328125
4 0.3609375 0.88828125 0.196875 0.2234375
4 0.6203125 0.8796875 0.1953125 0.240625
2 0.884375 0.88828125 0.221875 0.2234375