2 0.134375 0.1296875 0.190625 0.221875
2 0.8734375 0.63203125 0.2078125 0.2234375
2 0.128125 0.8796875 0.2 0.221875
5 0.378125 0.134375 0.190625 0.221875
5 0.63125 0.1359375 0.184375 0.2171875
5 0.62890625 0.88125 0.1828125 0.23125
7 0.8703125 0.11484375 0.1484375 0.1828125
7 0.875 0.884375 0.1859375 0.228125
6 0.13125 0.3828125 0.18125 0.2171875
6 0.37890625 0.3828125 0.2046875 0.23125
6 0.86953125 0.375 0.2046875 0.23125
6 0.125 0.6296875 0.2265625 0.221875
4 0.6265625 0.37890625 0.184375 0.2234375
4 0.3703125 0.63203125 0.2078125 0.2328125
4 0.634375 0.63125 0.18125 0.21875
4 0.38125 0.88359375 0.1859375 0.2328125