4 0.8890625 0.146875 0.2203125 0.234375
2 0.64375 0.1390625 0.2078125 0.2546875
7 0.37578125 0.1171875 0.2015625 0.234375
5 0.13984375 0.11796875 0.2171875 0.2359375
6 0.88046875 0.40078125 0.2015625 0.228125
5 0.640625 0.38515625 0.20625 0.23125
4 0.38359375 0.3703125 0.19375 0.2359375
6 0.1203125 0.3671875 0.190625 0.2171875
5 0.86171875 0.6453125 0.2390625 0.25
2 0.621875 0.63671875 0.203125 0.2234375
4 0.12109375 0.61328125 0.184375 0.228125
2 0.84453125 0.88984375 0.2296875 0.2203125
4 0.61796875 0.8890625 0.2078125 0.221875
4 0.36015625 0.87265625 0.2078125 0.25
2 0.10625 0.8671875 0.2125 0.234375