2 0.0984375 0.815625 0.196875 0.246875
2 0.884375 0.4203125 0.23125 0.25
2 0.18359375 0.09765625 0.2296875 0.1953125
5 0.328125 0.8453125 0.2203125 0.246875
5 0.5796875 0.87890625 0.2125 0.240625
5 0.68046875 0.140625 0.2125 0.2546875
7 0.8125 0.915625 0.171875 0.16875
7 0.90859375 0.17109375 0.1828125 0.2515625
6 0.11875 0.56484375 0.209375 0.240625
6 0.3640625 0.59921875 0.234375 0.2578125
6 0.8484375 0.675 0.234375 0.2578125
6 0.146875 0.31953125 0.2546875 0.2515625
4 0.60859375 0.6375 0.2140625 0.246875
4 0.38984375 0.3515625 0.2375 0.259375
4 0.6515625 0.3890625 0.209375 0.2421875
4 0.43515625 0.115625 0.2171875 0.23125