6 0.8828125 0.86015625 0.234375 0.2484375
5 0.64296875 0.871875 0.2390625 0.2515625
2 0.390625 0.8765625 0.2125 0.246875
2 0.14453125 0.88515625 0.2515625 0.2296875
6 0.88046875 0.59609375 0.2265625 0.234375
5 0.62890625 0.61875 0.2390625 0.246875
7 0.384375 0.62890625 0.21875 0.2484375
7 0.12421875 0.63359375 0.24375 0.225
5 0.87109375 0.35859375 0.23125 0.25
4 0.621875 0.3671875 0.2296875 0.25
4 0.3671875 0.371875 0.203125 0.2546875
4 0.10859375 0.39140625 0.2171875 0.2484375
4 0.86640625 0.10859375 0.1953125 0.2171875
4 0.5984375 0.11328125 0.2125 0.2265625
5 0.36875 0.1359375 0.1765625 0.225
2 0.10625 0.12734375 0.2125 0.2359375