5 0.1859375 0.109375 0.225 0.21875
5 0.8890625 0.42109375 0.221875 0.2546875
5 0.8640625 0.675 0.2109375 0.2421875
4 0.41171875 0.12265625 0.2546875 0.2453125
4 0.675 0.1421875 0.2078125 0.259375
4 0.1453125 0.334375 0.2140625 0.2546875
4 0.11328125 0.584375 0.203125 0.2390625
4 0.57578125 0.88671875 0.2265625 0.2265625
4 0.821875 0.89921875 0.228125 0.2015625
6 0.90078125 0.1765625 0.1984375 0.253125
6 0.3921875 0.3625 0.20625 0.2484375
6 0.6359375 0.3890625 0.2265625 0.2421875
2 0.3578125 0.61640625 0.203125 0.2375
2 0.09140625 0.83203125 0.1828125 0.2359375
2 0.3265625 0.865625 0.21875 0.253125
7 0.61796875 0.6421875 0.1921875 0.21875