6 0.1234375 0.1265625 0.2390625 0.240625
5 0.3703125 0.1234375 0.23125 0.24375
2 0.62265625 0.1265625 0.2046875 0.240625
2 0.86875 0.11953125 0.24375 0.2359375
6 0.1234375 0.390625 0.21875 0.2265625
5 0.375 0.3765625 0.23125 0.2390625
7 0.6203125 0.375 0.2109375 0.240625
7 0.88046875 0.3796875 0.2359375 0.2171875
5 0.12421875 0.628125 0.2234375 0.2421875
4 0.3734375 0.628125 0.221875 0.2421875
4 0.628125 0.6328125 0.1953125 0.2484375
4 0.89140625 0.621875 0.2171875 0.240625
4 0.11875 0.8859375 0.1875 0.228125
4 0.38828125 0.8859375 0.2046875 0.228125
5 0.61875 0.86875 0.16875 0.21875
2 0.88125 0.8859375 0.2078125 0.228125