5 0.14453125 0.12265625 0.2015625 0.2453125
5 0.88046875 0.38046875 0.2015625 0.2359375
5 0.88046875 0.63671875 0.1890625 0.225
4 0.371875 0.1265625 0.2328125 0.2375
4 0.6359375 0.12578125 0.184375 0.2421875
4 0.13046875 0.37265625 0.1921875 0.2359375
4 0.12421875 0.625 0.18125 0.221875
4 0.61640625 0.88671875 0.2046875 0.2265625
4 0.865625 0.88671875 0.20625 0.2265625
6 0.871875 0.13515625 0.190625 0.2359375
6 0.37890625 0.37421875 0.184375 0.23125
6 0.6234375 0.37578125 0.2046875 0.221875
2 0.37109375 0.63046875 0.18125 0.2203125
2 0.12109375 0.875 0.1765625 0.2203125
2 0.365625 0.88203125 0.196875 0.234375
7 0.63203125 0.62890625 0.171875 0.203125