5 0.1390625 0.128125 0.196875 0.24375
5 0.878125 0.37421875 0.196875 0.2328125
5 0.8828125 0.6296875 0.1859375 0.221875
4 0.365625 0.12890625 0.228125 0.2328125
4 0.6296875 0.1234375 0.1796875 0.2390625
4 0.128125 0.37890625 0.1875 0.2328125
4 0.1265625 0.63125 0.178125 0.21875
4 0.6234375 0.8859375 0.2 0.2265625
4 0.87265625 0.884375 0.2015625 0.23125
6 0.865625 0.12890625 0.1859375 0.2328125
6 0.3765625 0.3765625 0.1796875 0.228125
6 0.62109375 0.3734375 0.2015625 0.21875
2 0.3734375 0.6328125 0.178125 0.2171875
2 0.12734375 0.88125 0.1734375 0.2171875
2 0.37265625 0.884375 0.1921875 0.23125
7 0.634375 0.6265625 0.16875 0.2