6 0.1 0.79375 0.2 0.28125
5 0.30078125 0.84453125 0.2734375 0.2828125
2 0.5484375 0.87578125 0.246875 0.2484375
2 0.7890625 0.90234375 0.284375 0.1953125
6 0.11875 0.53515625 0.2375 0.2640625
5 0.35390625 0.59765625 0.271875 0.278125
7 0.59453125 0.6453125 0.253125 0.2765625
7 0.85078125 0.690625 0.2734375 0.2578125
5 0.15546875 0.30234375 0.265625 0.2796875
4 0.4 0.35 0.2640625 0.2796875
4 0.65078125 0.39375 0.2390625 0.28125
4 0.8890625 0.4546875 0.221875 0.278125
4 0.1984375 0.0890625 0.228125 0.178125
4 0.4640625 0.115625 0.24375 0.23125
5 0.68671875 0.1609375 0.2078125 0.246875
2 0.91171875 0.19296875 0.1765625 0.2640625