5 0.76484375 0.09453125 0.2671875 0.1890625
7 0.521875 0.121875 0.278125 0.24375
6 0.28671875 0.17578125 0.2703125 0.2640625
5 0.08125 0.23984375 0.1625 0.2859375
6 0.84296875 0.28359375 0.25 0.2625
2 0.58984375 0.353125 0.26875 0.290625
7 0.3515625 0.421875 0.2484375 0.2703125
2 0.11875 0.48671875 0.2375 0.2890625
6 0.8953125 0.5234375 0.209375 0.2625
4 0.6625 0.590625 0.25 0.25625
6 0.41015625 0.66484375 0.2625 0.25
7 0.16796875 0.73046875 0.2765625 0.2859375
6 0.909375 0.765625 0.18125 0.290625
6 0.71015625 0.83671875 0.2953125 0.2953125
7 0.46875 0.88125 0.259375 0.2375
6 0.23515625 0.91640625 0.2671875 0.1671875