4 0.0953125 0.82578125 0.190625 0.2484375
2 0.33671875 0.85390625 0.2359375 0.25625
2 0.57890625 0.88125 0.2203125 0.2375
2 0.8265625 0.89296875 0.24375 0.2140625
2 0.121875 0.5796875 0.2125 0.24375
2 0.13828125 0.32734375 0.2390625 0.25625
5 0.36171875 0.60234375 0.2203125 0.240625
5 0.86015625 0.66875 0.225 0.2421875
5 0.64609375 0.39375 0.2328125 0.2625
5 0.8921875 0.415625 0.215625 0.253125
5 0.9046875 0.17265625 0.190625 0.2484375
6 0.6203125 0.6359375 0.24375 0.265625
6 0.3921875 0.36484375 0.2234375 0.2578125
6 0.1703125 0.10078125 0.2 0.2015625
6 0.66796875 0.13671875 0.1984375 0.2375
7 0.4203125 0.115625 0.215625 0.23125