4 0.91171875 0.203125 0.1765625 0.259375
2 0.6875 0.15859375 0.25 0.26875
2 0.44765625 0.11875 0.2328125 0.2375
2 0.20234375 0.0984375 0.2578125 0.196875
2 0.8828125 0.446875 0.2265625 0.253125
2 0.8484375 0.69765625 0.253125 0.26875
5 0.6453125 0.40703125 0.2328125 0.2515625
5 0.15234375 0.30703125 0.2375 0.253125
5 0.346875 0.59609375 0.246875 0.2734375
5 0.10859375 0.55546875 0.2171875 0.2640625
5 0.0875 0.796875 0.175 0.259375
6 0.38984375 0.35625 0.2578125 0.278125
6 0.5984375 0.6421875 0.2375 0.26875
6 0.79921875 0.9078125 0.2140625 0.184375
6 0.30703125 0.85078125 0.2125 0.2484375
7 0.55234375 0.88359375 0.2296875 0.2328125