5 0.1265625 0.13125 0.2125 0.2390625
7 0.3765625 0.1234375 0.2265625 0.228125
6 0.621875 0.13203125 0.221875 0.2140625
5 0.88359375 0.128125 0.2046875 0.240625
6 0.1125 0.3796875 0.2 0.21875
2 0.375 0.38125 0.2125 0.24375
7 0.6234375 0.3859375 0.196875 0.2265625
2 0.878125 0.3859375 0.209375 0.24375
6 0.1171875 0.6265625 0.16875 0.2265625
4 0.36640625 0.6296875 0.2015625 0.2109375
6 0.6296875 0.6359375 0.21875 0.2
7 0.88046875 0.63671875 0.2234375 0.2359375
6 0.1234375 0.8765625 0.228125 0.2390625
6 0.384375 0.8796875 0.240625 0.240625
7 0.6328125 0.878125 0.2078125 0.228125
6 0.8765625 0.8859375 0.215625 0.2265625