5 0.8796875 0.8625 0.2171875 0.2421875
7 0.6296875 0.87421875 0.23125 0.2328125
6 0.384375 0.8703125 0.225 0.2171875
5 0.12265625 0.878125 0.209375 0.24375
6 0.88984375 0.61328125 0.203125 0.221875
2 0.62734375 0.61640625 0.2171875 0.246875
7 0.37890625 0.61640625 0.2015625 0.2296875
2 0.12421875 0.6203125 0.2140625 0.246875
6 0.88046875 0.36640625 0.1734375 0.2296875
4 0.63125 0.36796875 0.2046875 0.2140625
6 0.36796875 0.36640625 0.221875 0.203125
7 0.1171875 0.3703125 0.228125 0.2390625
6 0.86953125 0.11953125 0.2328125 0.2390625
6 0.60859375 0.1203125 0.2453125 0.240625
7 0.3609375 0.12421875 0.2125 0.23125
6 0.11640625 0.1203125 0.2203125 0.2296875