7 0.88203125 0.85859375 0.2359375 0.2453125
6 0.6328125 0.87109375 0.2484375 0.2453125
5 0.3796875 0.87734375 0.23125 0.24375
2 0.1265625 0.8765625 0.2171875 0.24375
6 0.87265625 0.61328125 0.2171875 0.2390625
5 0.62421875 0.61796875 0.2125 0.2421875
5 0.37265625 0.62109375 0.2 0.221875
7 0.125 0.621875 0.20625 0.234375
6 0.88359375 0.36484375 0.2171875 0.234375
4 0.62265625 0.36484375 0.2 0.2421875
6 0.36640625 0.36015625 0.23125 0.23125
2 0.115625 0.37265625 0.20625 0.2296875
5 0.8671875 0.12109375 0.2203125 0.2265625
4 0.615625 0.109375 0.221875 0.21875
4 0.3515625 0.12109375 0.2203125 0.2296875
6 0.11328125 0.12734375 0.2265625 0.2453125