7 0.12265625 0.134375 0.2328125 0.240625
6 0.3734375 0.1265625 0.24375 0.240625
5 0.6265625 0.125 0.2265625 0.2390625
2 0.8796875 0.1296875 0.2125 0.240625
6 0.1296875 0.38046875 0.2125 0.2359375
5 0.378125 0.3796875 0.2078125 0.2390625
5 0.6296875 0.38125 0.196875 0.21875
7 0.87734375 0.384375 0.2015625 0.23125
6 0.1140625 0.628125 0.2125 0.23125
4 0.375 0.6328125 0.1953125 0.2390625
6 0.63125 0.6421875 0.2265625 0.2265625
2 0.88203125 0.634375 0.2015625 0.2265625
5 0.1265625 0.87265625 0.2171875 0.2234375
4 0.3765625 0.8890625 0.21875 0.2171875
4 0.6421875 0.88125 0.215625 0.2265625
6 0.884375 0.8796875 0.23125 0.240625