7 0.11328125 0.8453125 0.2265625 0.253125
6 0.35390625 0.86640625 0.25625 0.253125
5 0.60703125 0.878125 0.2390625 0.24375
2 0.859375 0.88203125 0.225 0.2359375
6 0.12421875 0.6 0.225 0.246875
5 0.371875 0.6140625 0.2203125 0.25
5 0.6234375 0.625 0.2078125 0.228125
7 0.87109375 0.63515625 0.2140625 0.2421875
6 0.12109375 0.3515625 0.225 0.2421875
4 0.38203125 0.3609375 0.2078125 0.2484375
6 0.63828125 0.36484375 0.2375 0.2375
2 0.88828125 0.3859375 0.2125 0.2375
5 0.146875 0.1125 0.228125 0.225
4 0.39609375 0.109375 0.2296875 0.21875
4 0.66171875 0.1265625 0.2265625 0.2375
6 0.890625 0.140625 0.21875 0.253125