2 0.11796875 0.128125 0.2359375 0.23125
6 0.37734375 0.1234375 0.1921875 0.21875
7 0.628125 0.1234375 0.18125 0.221875
7 0.8734375 0.128125 0.209375 0.23125
4 0.121875 0.37890625 0.196875 0.2390625
5 0.37109375 0.37109375 0.2015625 0.2140625
4 0.621875 0.37734375 0.21875 0.2328125
6 0.8734375 0.37265625 0.2 0.2328125
6 0.12109375 0.6296875 0.1953125 0.221875
4 0.37109375 0.62578125 0.2078125 0.2390625
2 0.628125 0.6234375 0.2125 0.24375
7 0.8734375 0.6265625 0.190625 0.221875
4 0.1234375 0.884375 0.1875 0.23125
4 0.371875 0.88203125 0.196875 0.2359375
4 0.615625 0.878125 0.19375 0.24375
7 0.87890625 0.8796875 0.1953125 0.240625