2 0.1796875 0.896875 0.26875 0.20625
6 0.43671875 0.88359375 0.2234375 0.2328125
7 0.68515625 0.8515625 0.2140625 0.246875
7 0.90234375 0.80859375 0.1953125 0.2609375
4 0.1453125 0.67890625 0.23125 0.2671875
5 0.39296875 0.64765625 0.2328125 0.2421875
4 0.63984375 0.60234375 0.253125 0.2640625
6 0.8859375 0.56640625 0.228125 0.2609375
6 0.109375 0.43125 0.21875 0.25
4 0.353125 0.39609375 0.2421875 0.26875
2 0.60703125 0.3578125 0.2484375 0.2734375
7 0.84921875 0.31640625 0.2234375 0.2484375
4 0.0890625 0.17890625 0.178125 0.2578125
4 0.3140625 0.14296875 0.23125 0.2640625
4 0.55390625 0.121875 0.2296875 0.24375
7 0.8140625 0.1 0.23125 0.2