2 0.165625 0.10625 0.2625 0.2125
6 0.42421875 0.115625 0.2171875 0.23125
7 0.6734375 0.1421875 0.20625 0.2421875
7 0.8984375 0.17578125 0.203125 0.2546875
4 0.1390625 0.33359375 0.225 0.2609375
5 0.3875 0.35625 0.2265625 0.2375
4 0.6359375 0.39296875 0.2453125 0.2578125
6 0.8859375 0.41875 0.2265625 0.2546875
6 0.10859375 0.5828125 0.2171875 0.24375
4 0.35703125 0.609375 0.2359375 0.2625
2 0.6125 0.63828125 0.240625 0.2671875
7 0.85546875 0.67109375 0.215625 0.24375
4 0.09296875 0.8359375 0.1859375 0.253125
4 0.3265625 0.86328125 0.2234375 0.2578125
4 0.56875 0.878125 0.221875 0.24375
7 0.82890625 0.8953125 0.2234375 0.209375