2 0.11875 0.13203125 0.2125 0.2234375
2 0.128125 0.3828125 0.178125 0.2125
2 0.6125 0.3796875 0.2078125 0.209375
2 0.87109375 0.384375 0.1734375 0.2203125
2 0.3765625 0.63203125 0.2078125 0.2140625
7 0.3734375 0.1359375 0.18125 0.196875
7 0.37890625 0.88046875 0.1921875 0.2390625
6 0.62421875 0.13046875 0.1828125 0.2359375
6 0.36640625 0.3859375 0.2015625 0.21875
4 0.1234375 0.628125 0.209375 0.2265625
4 0.115625 0.88046875 0.196875 0.2390625
4 0.621875 0.8859375 0.184375 0.2265625
4 0.87734375 0.134375 0.1703125 0.2265625
5 0.62734375 0.628125 0.1921875 0.228125
7 0.8734375 0.884375 0.178125 0.23125