2 0.09375 0.19609375 0.1875 0.2546875
2 0.1140625 0.4421875 0.209375 0.2375
2 0.5921875 0.36328125 0.2375 0.2390625
2 0.8484375 0.328125 0.20625 0.2453125
2 0.3984375 0.65 0.2390625 0.24375
7 0.31796875 0.16015625 0.209375 0.2234375
7 0.43984375 0.88046875 0.2265625 0.2390625
6 0.56484375 0.12265625 0.2171875 0.2453125
6 0.35 0.40859375 0.2328125 0.246875
4 0.1484375 0.68515625 0.2421875 0.25625
4 0.1796875 0.90078125 0.23125 0.1984375
4 0.68046875 0.8625 0.2171875 0.253125
4 0.815625 0.10234375 0.203125 0.2046875
5 0.64609375 0.60625 0.225 0.2546875
7 0.9109375 0.8203125 0.178125 0.25625