2 0.82578125 0.8953125 0.2421875 0.209375
2 0.8515625 0.66796875 0.20625 0.2359375
2 0.371875 0.603125 0.234375 0.2359375
2 0.11640625 0.5625 0.203125 0.2421875
2 0.640625 0.38671875 0.2359375 0.240625
7 0.575 0.878125 0.20625 0.2203125
7 0.67265625 0.13984375 0.2234375 0.2640625
6 0.32578125 0.8484375 0.2140625 0.259375
6 0.61640625 0.63125 0.2296875 0.2453125
4 0.88515625 0.425 0.2296875 0.253125
4 0.909375 0.17578125 0.18125 0.2640625
4 0.43203125 0.1125 0.2140625 0.225
4 0.0875 0.80859375 0.175 0.2484375
5 0.39140625 0.35546875 0.221875 0.253125
7 0.18359375 0.096875 0.2078125 0.19375