5 0.15703125 0.1140625 0.2171875 0.228125
5 0.65546875 0.1359375 0.196875 0.240625
5 0.9046875 0.16328125 0.190625 0.2328125
5 0.13203125 0.340625 0.2109375 0.2421875
5 0.8875 0.41640625 0.225 0.2484375
5 0.33671875 0.86875 0.2203125 0.234375
5 0.59453125 0.890625 0.2015625 0.21875
2 0.40546875 0.1171875 0.2203125 0.234375
2 0.3828125 0.3703125 0.196875 0.23125
2 0.83984375 0.89375 0.2265625 0.2125
4 0.63671875 0.39453125 0.2234375 0.2453125
4 0.35546875 0.62421875 0.209375 0.234375
4 0.60859375 0.63984375 0.2265625 0.24375
6 0.1140625 0.5953125 0.2125 0.2484375
6 0.8671875 0.66015625 0.20625 0.2484375
7 0.0984375 0.84765625 0.1890625 0.23125