5 0.90078125 0.17578125 0.1984375 0.2515625
5 0.41640625 0.1171875 0.2015625 0.234375
5 0.1609375 0.1046875 0.203125 0.209375
5 0.89140625 0.4140625 0.2140625 0.2453125
5 0.1328125 0.34375 0.2328125 0.2515625
5 0.58984375 0.88671875 0.2234375 0.2265625
5 0.33046875 0.86875 0.2046875 0.228125
2 0.665625 0.1421875 0.2234375 0.2375
2 0.63984375 0.3953125 0.2 0.234375
2 0.10234375 0.82890625 0.2046875 0.2296875
4 0.3859375 0.3703125 0.228125 0.2484375
4 0.61796875 0.64921875 0.2125 0.2375
4 0.36640625 0.61640625 0.2296875 0.246875
6 0.86015625 0.6671875 0.215625 0.2515625
6 0.109375 0.58671875 0.209375 0.2515625
7 0.82734375 0.9 0.1921875 0.2