5 0.1234375 0.13515625 0.196875 0.2328125
5 0.6234375 0.1234375 0.178125 0.2265625
5 0.8796875 0.1296875 0.18125 0.2171875
5 0.11953125 0.3734375 0.1921875 0.2265625
5 0.88125 0.3828125 0.209375 0.23125
5 0.36953125 0.88125 0.2015625 0.2171875
5 0.6296875 0.884375 0.184375 0.209375
2 0.37265625 0.1265625 0.2015625 0.2171875
2 0.371875 0.38125 0.178125 0.2171875
2 0.8734375 0.8703125 0.209375 0.209375
4 0.62734375 0.3828125 0.2046875 0.228125
4 0.3671875 0.6359375 0.190625 0.21875
4 0.6203125 0.6296875 0.2078125 0.2265625
6 0.12421875 0.62890625 0.1921875 0.2328125
6 0.8796875 0.62734375 0.1859375 0.2328125
7 0.13046875 0.88125 0.1703125 0.2171875