5 0.78125 0.9109375 0.225 0.178125
5 0.07734375 0.7625 0.1546875 0.25
5 0.82734375 0.70390625 0.225 0.253125
5 0.65625 0.4015625 0.2390625 0.2546875
7 0.5390625 0.87421875 0.234375 0.2515625
7 0.596875 0.64140625 0.2234375 0.253125
7 0.10390625 0.51953125 0.2078125 0.2421875
2 0.290625 0.8296875 0.2015625 0.2515625
2 0.40859375 0.33984375 0.2265625 0.2421875
2 0.92265625 0.2234375 0.1546875 0.25625
6 0.34609375 0.5890625 0.2453125 0.26875
6 0.71484375 0.1609375 0.225 0.2546875
6 0.47734375 0.11875 0.2140625 0.2375
4 0.8953125 0.459375 0.209375 0.25
4 0.16953125 0.28125 0.2109375 0.246875
4 0.2296875 0.084375 0.253125 0.16875