5 0.1171875 0.1296875 0.1765625 0.221875
5 0.8796875 0.134375 0.178125 0.2125
5 0.1328125 0.38125 0.178125 0.2171875
5 0.371875 0.63359375 0.19375 0.2140625
7 0.3703125 0.13984375 0.1859375 0.2234375
7 0.371875 0.3859375 0.1765625 0.2171875
7 0.88359375 0.384375 0.1703125 0.2078125
2 0.6234375 0.1296875 0.153125 0.221875
2 0.62734375 0.63359375 0.1828125 0.2046875
2 0.11953125 0.8796875 0.1828125 0.21875
6 0.628125 0.3765625 0.1953125 0.228125
6 0.3734375 0.88125 0.1765625 0.21875
6 0.6171875 0.875 0.1640625 0.2265625
4 0.12109375 0.63671875 0.1734375 0.2140625
4 0.8734375 0.63203125 0.1640625 0.2140625
4 0.87421875 0.8859375 0.2046875 0.2265625