5 0.1234375 0.1234375 0.1796875 0.225
5 0.8859375 0.14140625 0.18125 0.215625
5 0.13515625 0.375 0.18125 0.2203125
5 0.36953125 0.63125 0.196875 0.2171875
7 0.3765625 0.1375 0.1890625 0.2265625
7 0.37421875 0.38359375 0.1796875 0.2203125
7 0.8859375 0.39140625 0.1734375 0.2109375
2 0.6296875 0.13203125 0.15625 0.225
2 0.625 0.6359375 0.1859375 0.2078125
2 0.11328125 0.87265625 0.1859375 0.221875
6 0.63046875 0.37890625 0.2 0.23125
6 0.3671875 0.87890625 0.1796875 0.221875
6 0.6109375 0.87734375 0.16875 0.2296875
4 0.11875 0.63046875 0.1765625 0.2171875
4 0.87109375 0.63828125 0.1671875 0.2171875
4 0.8671875 0.88828125 0.209375 0.2234375