6 0.128125 0.12734375 0.190625 0.2234375
6 0.61328125 0.12890625 0.2078125 0.2328125
6 0.87578125 0.375 0.2046875 0.23125
6 0.86796875 0.88046875 0.1796875 0.2390625
7 0.37109375 0.134375 0.2046875 0.21875
7 0.128125 0.38203125 0.190625 0.2078125
7 0.3828125 0.6453125 0.18125 0.2
7 0.62109375 0.88359375 0.1953125 0.2328125
4 0.8796875 0.12890625 0.190625 0.2328125
4 0.6203125 0.38125 0.159375 0.23125
4 0.1390625 0.63046875 0.1875 0.2234375
4 0.8734375 0.6296875 0.190625 0.23125
2 0.37421875 0.37578125 0.2046875 0.2359375
2 0.6234375 0.63515625 0.178125 0.2046875
2 0.37734375 0.88671875 0.1640625 0.2265625
5 0.1296875 0.88359375 0.1875 0.2328125