6 0.16875 0.89375 0.2125 0.2125
6 0.6515625 0.85703125 0.23125 0.253125
6 0.8859375 0.58515625 0.228125 0.2515625
6 0.8265625 0.10546875 0.203125 0.2109375
7 0.41015625 0.87734375 0.2265625 0.2390625
7 0.1421875 0.65625 0.2109375 0.2265625
7 0.36796875 0.36796875 0.2015625 0.2171875
7 0.5796875 0.115625 0.21875 0.23125
4 0.9046875 0.82890625 0.190625 0.2515625
4 0.63203125 0.60546875 0.1828125 0.246875
4 0.12734375 0.4078125 0.209375 0.2421875
4 0.8578125 0.33203125 0.2140625 0.25
2 0.38828125 0.63671875 0.228125 0.25625
2 0.60859375 0.35234375 0.1984375 0.221875
2 0.3375 0.128125 0.1875 0.2421875
5 0.0984375 0.15703125 0.196875 0.2515625