4 0.87421875 0.12890625 0.2078125 0.2265625
2 0.6328125 0.1421875 0.215625 0.2171875
7 0.378125 0.1234375 0.2453125 0.240625
6 0.13828125 0.11796875 0.2140625 0.2359375
5 0.88203125 0.384375 0.2140625 0.2390625
6 0.61875 0.38359375 0.20625 0.23125
6 0.38046875 0.37734375 0.2328125 0.2453125
2 0.13046875 0.37109375 0.2171875 0.2359375
7 0.88515625 0.63203125 0.1953125 0.234375
6 0.62578125 0.62421875 0.221875 0.24375
5 0.36328125 0.61953125 0.2140625 0.2296875
2 0.12265625 0.628125 0.2234375 0.234375
6 0.85390625 0.8796875 0.1859375 0.240625
5 0.615625 0.884375 0.23125 0.23125
7 0.37421875 0.878125 0.209375 0.2421875
5 0.10703125 0.87421875 0.2140625 0.2390625