4 0.1875 0.1 0.234375 0.2
2 0.425 0.12578125 0.240625 0.2421875
7 0.67890625 0.146875 0.271875 0.2671875
6 0.8984375 0.1765625 0.203125 0.265625
5 0.14140625 0.32578125 0.240625 0.2625
6 0.4015625 0.36640625 0.23125 0.2546875
6 0.6375 0.39765625 0.259375 0.2703125
2 0.88203125 0.4296875 0.2359375 0.259375
7 0.1046875 0.56875 0.209375 0.25625
6 0.35625 0.603125 0.2484375 0.26875
5 0.61640625 0.6390625 0.2390625 0.253125
2 0.85234375 0.68515625 0.2484375 0.259375
6 0.0984375 0.8234375 0.196875 0.26875
5 0.32421875 0.86328125 0.25625 0.2609375
7 0.56484375 0.88046875 0.2359375 0.2390625
5 0.8328125 0.9 0.25 0.2