6 0.76171875 0.08828125 0.2421875 0.1765625
6 0.29453125 0.17109375 0.2609375 0.278125
6 0.11640625 0.47578125 0.2328125 0.2765625
6 0.24296875 0.91171875 0.2359375 0.1765625
7 0.52890625 0.12265625 0.2546875 0.2453125
7 0.82890625 0.28984375 0.2375 0.25
7 0.65078125 0.61015625 0.2265625 0.240625
7 0.48203125 0.88203125 0.2484375 0.2359375
4 0.0796875 0.23984375 0.159375 0.2734375
4 0.353125 0.41640625 0.2140625 0.2640625
4 0.88125 0.53203125 0.2375 0.2640625
4 0.17265625 0.721875 0.24375 0.2734375
2 0.5890625 0.34765625 0.259375 0.28125
2 0.415625 0.6625 0.225 0.24375
2 0.71875 0.84140625 0.2171875 0.2609375
5 0.91796875 0.77421875 0.1640625 0.2734375