5 0.89453125 0.84296875 0.2109375 0.2203125
6 0.64609375 0.86328125 0.2421875 0.234375
7 0.39921875 0.87265625 0.2265625 0.2375
5 0.14921875 0.884375 0.2078125 0.2171875
2 0.88046875 0.6046875 0.2171875 0.246875
2 0.6296875 0.6109375 0.2375 0.2328125
5 0.38046875 0.6234375 0.203125 0.228125
4 0.121875 0.6359375 0.2203125 0.2375
5 0.871875 0.34609375 0.2234375 0.2296875
6 0.61796875 0.36875 0.21875 0.2203125
7 0.3640625 0.38046875 0.2296875 0.21875
2 0.1125 0.390625 0.2234375 0.2296875
2 0.85625 0.10859375 0.21875 0.2171875
4 0.60390625 0.10859375 0.2296875 0.2171875
4 0.3609375 0.12265625 0.23125 0.2421875
6 0.10703125 0.1421875 0.2140625 0.24375