5 0.825 0.89765625 0.234375 0.2046875
6 0.5734375 0.87890625 0.259375 0.2421875
7 0.3296875 0.846875 0.2453125 0.2546875
5 0.096875 0.81015625 0.19375 0.2328125
2 0.853125 0.675 0.2359375 0.2625
2 0.60625 0.63359375 0.2546875 0.2515625
5 0.359375 0.5984375 0.2203125 0.24375
4 0.1109375 0.5609375 0.221875 0.253125
5 0.88671875 0.41875 0.2265625 0.246875
6 0.64140625 0.39375 0.234375 0.2359375
7 0.3890625 0.35625 0.2453125 0.2359375
2 0.140625 0.31875 0.240625 0.246875
2 0.903125 0.17890625 0.19375 0.2421875
4 0.678125 0.1328125 0.246875 0.2421875
4 0.43515625 0.11640625 0.2484375 0.2328125
6 0.1796875 0.1015625 0.2375 0.203125