5 0.89375 0.15546875 0.2125 0.2203125
6 0.64609375 0.13671875 0.2421875 0.234375
7 0.3984375 0.128125 0.228125 0.2375
5 0.14921875 0.11640625 0.2078125 0.2171875
2 0.88046875 0.3953125 0.2171875 0.246875
2 0.62890625 0.3890625 0.2375 0.2328125
5 0.38046875 0.3765625 0.203125 0.228125
4 0.121875 0.36484375 0.2203125 0.2375
5 0.871875 0.65390625 0.2234375 0.2296875
6 0.6171875 0.63125 0.21875 0.2203125
7 0.3640625 0.6203125 0.2296875 0.21875
2 0.1125 0.609375 0.2234375 0.2296875
2 0.8546875 0.89140625 0.21875 0.2171875
4 0.60390625 0.890625 0.2296875 0.21875
4 0.3609375 0.87734375 0.23125 0.2421875
6 0.10625 0.85625 0.2125 0.24375