6 0.79921875 0.8984375 0.2640625 0.203125
6 0.3296875 0.84375 0.2140625 0.2515625
6 0.3484375 0.603125 0.23125 0.25625
6 0.1078125 0.5546875 0.215625 0.259375
6 0.88046875 0.425 0.2390625 0.246875
6 0.6859375 0.146875 0.2625 0.2640625
7 0.55546875 0.88203125 0.2421875 0.2359375
7 0.09375 0.803125 0.1875 0.26875
7 0.39453125 0.35 0.23125 0.253125
7 0.915625 0.18671875 0.16875 0.2421875
7 0.4453125 0.115625 0.25 0.23125
5 0.8484375 0.68359375 0.2484375 0.2546875
5 0.603125 0.64375 0.234375 0.25
5 0.6421875 0.39609375 0.2375 0.2671875
5 0.19375 0.09140625 0.20625 0.1828125
2 0.15234375 0.30390625 0.221875 0.259375