6 0.1296875 0.12734375 0.2265625 0.2328125
6 0.6078125 0.13203125 0.178125 0.2234375
6 0.63125 0.371875 0.1953125 0.225
6 0.884375 0.3765625 0.196875 0.228125
6 0.134375 0.640625 0.2125 0.2125
6 0.378125 0.8796875 0.2265625 0.228125
7 0.378125 0.1265625 0.2078125 0.2171875
7 0.8765625 0.12578125 0.209375 0.2359375
7 0.6296875 0.6296875 0.1953125 0.221875
7 0.11875 0.884375 0.1859375 0.2125
7 0.62265625 0.88203125 0.2140625 0.2234375
5 0.125 0.3796875 0.2125 0.221875
5 0.3734375 0.3765625 0.2 0.21875
5 0.378125 0.62734375 0.2 0.2359375
5 0.87734375 0.88203125 0.1703125 0.2234375
2 0.8765625 0.6328125 0.184375 0.23125