5 0.1203125 0.1359375 0.2078125 0.209375
6 0.3734375 0.1296875 0.23125 0.221875
7 0.6203125 0.1328125 0.215625 0.2265625
5 0.8703125 0.134375 0.196875 0.2078125
2 0.12578125 0.37578125 0.2046875 0.2359375
2 0.3765625 0.3828125 0.2265625 0.221875
5 0.62578125 0.3828125 0.1921875 0.21875
4 0.884375 0.384375 0.209375 0.2265625
5 0.1203125 0.634375 0.2125 0.21875
6 0.375 0.625 0.2078125 0.209375
7 0.6296875 0.6265625 0.21875 0.2078125
2 0.88125 0.6296875 0.2125 0.21875
2 0.1234375 0.8765625 0.2078125 0.215625
4 0.375 0.88828125 0.21875 0.2140625
4 0.61875 0.884375 0.21875 0.23125
6 0.8765625 0.87734375 0.2078125 0.2328125