6 0.11015625 0.16015625 0.2203125 0.2515625
6 0.575 0.12421875 0.196875 0.2375
6 0.61953125 0.3609375 0.2140625 0.240625
6 0.871875 0.34375 0.215625 0.24375
6 0.14765625 0.671875 0.2296875 0.2296875
6 0.41171875 0.8828125 0.2453125 0.234375
7 0.34609375 0.13828125 0.2265625 0.234375
7 0.84140625 0.11015625 0.2296875 0.2203125
7 0.640625 0.61796875 0.2140625 0.2375
7 0.153125 0.90078125 0.203125 0.1984375
7 0.65546875 0.86953125 0.2328125 0.240625
5 0.115625 0.4125 0.23125 0.2390625
5 0.36328125 0.38828125 0.21875 0.2359375
5 0.38984375 0.6375 0.2203125 0.253125
5 0.90703125 0.846875 0.1859375 0.2375
2 0.88671875 0.59921875 0.203125 0.246875