5 0.83125 0.8953125 0.23125 0.209375
6 0.5796875 0.87890625 0.25625 0.2421875
7 0.33515625 0.84921875 0.24375 0.2515625
5 0.09921875 0.81640625 0.1984375 0.2296875
2 0.85625 0.66875 0.23125 0.259375
2 0.6078125 0.63125 0.2515625 0.2484375
5 0.3609375 0.60078125 0.2171875 0.240625
4 0.1109375 0.5671875 0.221875 0.25
5 0.88671875 0.4125 0.2265625 0.24375
6 0.63828125 0.39140625 0.23125 0.2328125
7 0.38671875 0.3578125 0.2421875 0.2328125
2 0.1375 0.325 0.2375 0.24375
2 0.90078125 0.17109375 0.1984375 0.2390625
4 0.67109375 0.1296875 0.24375 0.2390625
4 0.42890625 0.115625 0.2453125 0.23125
6 0.1703125 0.10390625 0.234375 0.2078125