6 0.8984375 0.1984375 0.203125 0.259375
2 0.6765625 0.159375 0.246875 0.259375
5 0.43046875 0.12578125 0.2546875 0.2515625
7 0.1796875 0.1 0.225 0.2
5 0.875 0.4390625 0.2421875 0.25625
5 0.640625 0.40390625 0.28125 0.2578125
4 0.38984375 0.36640625 0.221875 0.259375
5 0.15390625 0.3265625 0.2203125 0.253125
2 0.84609375 0.69296875 0.23125 0.2609375
7 0.603125 0.65546875 0.2453125 0.253125
7 0.346875 0.61328125 0.2375 0.2515625
2 0.1078125 0.5703125 0.215625 0.265625
4 0.8140625 0.9046875 0.2375 0.190625
5 0.5625 0.88046875 0.2375 0.2390625
7 0.31484375 0.85859375 0.2484375 0.2578125
5 0.0921875 0.821875 0.184375 0.24375