6 0.1921875 0.10703125 0.246875 0.2140625
2 0.4375 0.125 0.246875 0.25
5 0.68125 0.1640625 0.2546875 0.2578125
7 0.9109375 0.19375 0.178125 0.25
5 0.16171875 0.32734375 0.2421875 0.25625
5 0.39609375 0.36484375 0.28125 0.2578125
4 0.64609375 0.40703125 0.221875 0.259375
5 0.88203125 0.44375 0.2203125 0.2515625
2 0.11328125 0.57578125 0.2265625 0.2609375
7 0.353125 0.615625 0.2453125 0.253125
7 0.6109375 0.65546875 0.2375 0.2515625
2 0.8546875 0.68984375 0.221875 0.265625
4 0.0921875 0.8171875 0.184375 0.253125
5 0.3203125 0.8515625 0.2375 0.2578125
7 0.56640625 0.88515625 0.2484375 0.2296875
5 0.8140625 0.909375 0.240625 0.18125