6 0.1921875 0.89296875 0.246875 0.2140625
2 0.4375 0.87421875 0.246875 0.2515625
5 0.68125 0.8359375 0.2546875 0.2578125
7 0.9109375 0.8046875 0.178125 0.25
5 0.16171875 0.67265625 0.2421875 0.25625
5 0.39609375 0.63515625 0.28125 0.2578125
4 0.64609375 0.59296875 0.221875 0.259375
5 0.88203125 0.55625 0.2203125 0.2515625
2 0.11328125 0.42265625 0.2265625 0.2609375
7 0.353125 0.384375 0.2453125 0.253125
7 0.6109375 0.34453125 0.2375 0.2515625
2 0.8546875 0.31015625 0.221875 0.265625
4 0.0921875 0.18125 0.184375 0.253125
5 0.3203125 0.1484375 0.2375 0.2578125
7 0.56640625 0.11484375 0.2484375 0.2296875
5 0.8140625 0.08984375 0.240625 0.1796875