6 0.8921875 0.178125 0.215625 0.25
2 0.65859375 0.15078125 0.2375 0.25
5 0.41171875 0.128125 0.24375 0.2484375
7 0.15859375 0.10625 0.2140625 0.2125
5 0.87109375 0.41953125 0.23125 0.246875
5 0.63515625 0.39609375 0.271875 0.246875
4 0.3828125 0.371875 0.2109375 0.2515625
5 0.1453125 0.34453125 0.209375 0.2453125
2 0.85546875 0.675 0.2203125 0.2515625
7 0.61171875 0.65 0.234375 0.2421875
7 0.353125 0.62109375 0.2265625 0.2421875
2 0.10859375 0.590625 0.2109375 0.2578125
4 0.83671875 0.8984375 0.2265625 0.203125
5 0.5828125 0.88046875 0.228125 0.2390625
7 0.334375 0.8671875 0.2375 0.2484375
5 0.0984375 0.84375 0.196875 0.234375