2 0.125 0.12890625 0.2265625 0.2234375
5 0.3765625 0.1296875 0.2265625 0.2265625
6 0.6296875 0.1234375 0.23125 0.209375
6 0.8796875 0.1265625 0.23125 0.221875
6 0.3765625 0.38046875 0.2265625 0.2328125
6 0.6234375 0.3765625 0.23125 0.240625
6 0.628125 0.625 0.23125 0.2265625
6 0.6328125 0.87890625 0.23125 0.2359375
2 0.128125 0.38125 0.2078125 0.2125
7 0.8796875 0.3703125 0.21875 0.21875
2 0.38125 0.6234375 0.2171875 0.221875
7 0.384375 0.8671875 0.228125 0.228125
7 0.1328125 0.8734375 0.209375 0.2125
2 0.1328125 0.625 0.228125 0.23125
2 0.8796875 0.6265625 0.23125 0.2265625
4 0.875 0.8765625 0.2171875 0.215625