4 0.1234375 0.125 0.2 0.221875
4 0.1234375 0.36484375 0.1859375 0.2140625
4 0.6265625 0.8828125 0.215625 0.2265625
4 0.63125 0.11875 0.215625 0.2078125
5 0.37265625 0.88046875 0.1828125 0.2390625
6 0.1265625 0.884375 0.2078125 0.209375
6 0.378125 0.3875 0.1875 0.2078125
6 0.640625 0.63203125 0.2 0.2140625
6 0.146875 0.6359375 0.1953125 0.240625
6 0.3875 0.11640625 0.2 0.2140625
6 0.628125 0.38046875 0.2 0.2015625
6 0.88828125 0.378125 0.2140625 0.221875
6 0.8890625 0.6203125 0.1953125 0.221875
7 0.875 0.1234375 0.190625 0.2125
5 0.375 0.61875 0.196875 0.221875
2 0.8734375 0.88046875 0.228125 0.2140625