5 0.08359375 0.76015625 0.1671875 0.2609375
5 0.8359375 0.7125 0.24375 0.2734375
5 0.59453125 0.64765625 0.2515625 0.278125
6 0.76171875 0.9109375 0.2296875 0.178125
6 0.72890625 0.15625 0.2234375 0.2546875
4 0.6625 0.39296875 0.2234375 0.2390625
4 0.9203125 0.23828125 0.159375 0.2703125
6 0.29765625 0.82890625 0.2359375 0.2703125
4 0.3578125 0.58203125 0.2453125 0.275
2 0.41953125 0.34453125 0.2515625 0.2671875
2 0.4796875 0.125 0.265625 0.25
2 0.11875 0.51484375 0.23125 0.2703125
2 0.89453125 0.471875 0.2109375 0.21875
6 0.5390625 0.8796875 0.246875 0.240625
6 0.184375 0.28203125 0.2265625 0.2421875
2 0.24296875 0.084375 0.2390625 0.16875