5 0.11171875 0.56953125 0.2234375 0.2484375
5 0.9125 0.21484375 0.175 0.2515625
7 0.6546875 0.40703125 0.2703125 0.2640625
7 0.80390625 0.91640625 0.2296875 0.1671875
7 0.0984375 0.7984375 0.196875 0.246875
4 0.36796875 0.58125 0.2203125 0.23125
2 0.20546875 0.09375 0.2171875 0.1875
6 0.45234375 0.1171875 0.2328125 0.234375
6 0.1640625 0.31328125 0.2671875 0.265625
6 0.32421875 0.85546875 0.2609375 0.2375
4 0.6953125 0.17421875 0.1953125 0.23125
6 0.55703125 0.89140625 0.2515625 0.2171875
6 0.41171875 0.36953125 0.240625 0.25625
7 0.60546875 0.65234375 0.23125 0.2421875
5 0.85859375 0.6953125 0.2546875 0.2296875
6 0.8859375 0.44296875 0.228125 0.2453125