2 0.87578125 0.4328125 0.2265625 0.240625
2 0.090625 0.82109375 0.18125 0.2328125
2 0.62734375 0.39375 0.2484375 0.24375
4 0.6 0.6359375 0.25 0.259375
4 0.9046875 0.19140625 0.190625 0.2265625
2 0.184375 0.09921875 0.240625 0.1984375
4 0.67421875 0.14609375 0.234375 0.2375
4 0.83984375 0.67265625 0.2515625 0.2578125
5 0.34296875 0.6234375 0.240625 0.2515625
4 0.440625 0.10859375 0.2125 0.2171875
6 0.38125 0.3484375 0.21875 0.2375
6 0.14140625 0.32578125 0.2515625 0.2421875
6 0.8 0.89609375 0.228125 0.2078125
7 0.1046875 0.57109375 0.209375 0.2203125
7 0.30625 0.85390625 0.2234375 0.2484375
4 0.56171875 0.88203125 0.2453125 0.2359375