5 0.4890625 0.11328125 0.296875 0.2265625
5 0.88359375 0.478125 0.2328125 0.26875
7 0.8328125 0.7234375 0.2125 0.228125
7 0.0828125 0.75546875 0.165625 0.2203125
5 0.91875 0.2375 0.1625 0.2375
5 0.23984375 0.08359375 0.2296875 0.1671875
4 0.7265625 0.190625 0.225 0.284375
4 0.77109375 0.92265625 0.2203125 0.1546875
6 0.16953125 0.30234375 0.21875 0.25
6 0.41171875 0.37734375 0.24375 0.284375
6 0.109375 0.53046875 0.2140625 0.2296875
6 0.3515625 0.6203125 0.2359375 0.253125
6 0.30859375 0.8359375 0.2421875 0.228125
6 0.6 0.65859375 0.234375 0.234375
6 0.653125 0.434375 0.225 0.2359375
4 0.5265625 0.8796875 0.25625 0.240625