6 0.87578125 0.84609375 0.215625 0.2390625
6 0.38515625 0.8796875 0.2296875 0.2234375
6 0.628125 0.8578125 0.2234375 0.2328125
6 0.1375 0.88984375 0.2140625 0.2015625
6 0.10703125 0.6390625 0.2109375 0.225
5 0.35859375 0.37265625 0.2109375 0.2109375
5 0.3734375 0.64921875 0.2328125 0.228125
5 0.86953125 0.60234375 0.19375 0.228125
5 0.61484375 0.128125 0.1984375 0.221875
4 0.10078125 0.38984375 0.184375 0.21875
4 0.8609375 0.346875 0.2296875 0.2234375
4 0.84921875 0.1078125 0.1984375 0.215625
6 0.090625 0.134375 0.18125 0.209375
6 0.33125 0.1234375 0.2109375 0.234375
6 0.6171875 0.3734375 0.2078125 0.2203125
4 0.61875 0.6203125 0.2234375 0.21875