6 0.14296875 0.134375 0.2046875 0.228125
6 0.634375 0.1265625 0.21875 0.2125
6 0.390625 0.1359375 0.2125 0.221875
6 0.88203125 0.1296875 0.2046875 0.190625
6 0.9 0.38203125 0.2 0.2140625
5 0.634375 0.634375 0.2 0.2
5 0.634375 0.3578125 0.221875 0.2171875
5 0.13671875 0.378125 0.1828125 0.21875
5 0.365625 0.865625 0.1875 0.2125
4 0.89296875 0.63125 0.1734375 0.209375
4 0.13125 0.634375 0.21875 0.2125
4 0.1296875 0.8796875 0.1875 0.21875
6 0.9015625 0.8875 0.1953125 0.2
6 0.6484375 0.88515625 0.2 0.2234375
6 0.3765625 0.6203125 0.196875 0.2109375
4 0.3875 0.3734375 0.2125 0.2078125