4 0.89296875 0.1546875 0.2140625 0.21875
4 0.62421875 0.3859375 0.20625 0.2484375
2 0.65546875 0.13125 0.209375 0.2125
5 0.615625 0.634375 0.2046875 0.228125
5 0.37109375 0.37265625 0.23125 0.228125
2 0.859375 0.6625 0.2140625 0.2296875
2 0.3328125 0.85546875 0.2015625 0.215625
2 0.140625 0.11171875 0.215625 0.2234375
2 0.103125 0.5890625 0.20625 0.2125
6 0.396875 0.12890625 0.2203125 0.2453125
5 0.12734375 0.35078125 0.2015625 0.2203125
7 0.8828125 0.4125 0.2125 0.225
2 0.58046875 0.89140625 0.1953125 0.2171875
6 0.09375 0.85546875 0.1875 0.2296875
6 0.3609375 0.61953125 0.2140625 0.23125
6 0.84765625 0.88984375 0.2015625 0.2203125