5 0.3796875 0.3796875 0.228125 0.2125
5 0.63671875 0.3734375 0.2140625 0.2125
5 0.3890625 0.8875 0.209375 0.209375
5 0.1296875 0.63125 0.2125 0.2125
5 0.13125 0.38125 0.196875 0.2078125
4 0.6296875 0.13046875 0.209375 0.2140625
4 0.8859375 0.36875 0.2265625 0.2203125
4 0.63515625 0.89140625 0.1984375 0.2171875
2 0.8921875 0.8796875 0.178125 0.240625
2 0.3859375 0.12109375 0.2 0.2046875
2 0.88046875 0.134375 0.2140625 0.2078125
6 0.1328125 0.14765625 0.18125 0.2234375
6 0.37421875 0.628125 0.1703125 0.196875
6 0.6296875 0.6484375 0.21875 0.221875
6 0.8703125 0.63671875 0.178125 0.2234375
6 0.128125 0.89296875 0.190625 0.1828125