4 0.609375 0.8734375 0.21875 0.2171875
4 0.6203125 0.1234375 0.2109375 0.2390625
5 0.89453125 0.6359375 0.2015625 0.2390625
5 0.8671875 0.884375 0.2125 0.2265625
5 0.378125 0.8859375 0.1953125 0.2265625
5 0.87734375 0.38203125 0.2140625 0.2046875
5 0.63671875 0.3921875 0.2140625 0.2171875
6 0.88125 0.12421875 0.21875 0.2140625
6 0.38671875 0.628125 0.2328125 0.2421875
6 0.1265625 0.11875 0.21875 0.2375
6 0.3921875 0.1265625 0.209375 0.221875
6 0.39375 0.3765625 0.2078125 0.2078125
2 0.14140625 0.38125 0.2015625 0.2078125
7 0.134375 0.6328125 0.1859375 0.21875
7 0.1203125 0.87890625 0.1953125 0.2234375