6 0.8984375 0.8359375 0.203125 0.24375
6 0.1546875 0.8859375 0.225 0.228125
6 0.8359375 0.09921875 0.225 0.1984375
7 0.12265625 0.65390625 0.234375 0.21875
7 0.37265625 0.62109375 0.2125 0.2125
7 0.39375 0.88125 0.2171875 0.2296875
7 0.58671875 0.109375 0.2046875 0.21875
7 0.85546875 0.325 0.21875 0.21875
5 0.6140625 0.36015625 0.23125 0.2171875
6 0.63828125 0.86484375 0.2265625 0.23125
6 0.8734375 0.59140625 0.21875 0.24375
2 0.62734375 0.603125 0.221875 0.2265625
2 0.103125 0.40078125 0.20625 0.2203125
4 0.08984375 0.1453125 0.1796875 0.225
6 0.35703125 0.38203125 0.2328125 0.2390625
6 0.33359375 0.1359375 0.2296875 0.253125