2 0.64453125 0.39375 0.23125 0.24375
5 0.36953125 0.62421875 0.2109375 0.2390625
5 0.62109375 0.6453125 0.21875 0.2296875
4 0.59375 0.88515625 0.1875 0.2296875
4 0.84453125 0.90546875 0.1984375 0.1890625
5 0.10859375 0.8484375 0.1921875 0.209375
5 0.15703125 0.10625 0.1515625 0.2125
5 0.4015625 0.13515625 0.1953125 0.2140625
4 0.65859375 0.15234375 0.1984375 0.2078125
7 0.15078125 0.353125 0.196875 0.2046875
6 0.38359375 0.371875 0.190625 0.2140625
6 0.8859375 0.42421875 0.18125 0.2046875
6 0.1234375 0.59375 0.196875 0.2296875
6 0.35 0.87265625 0.171875 0.2125
6 0.9140625 0.175 0.171875 0.221875
6 0.87734375 0.66796875 0.18125 0.2140625