6 0.83203125 0.10390625 0.2046875 0.2078125
6 0.334375 0.14609375 0.2046875 0.2125
6 0.0875 0.16171875 0.171875 0.2140625
6 0.10625 0.41171875 0.196875 0.240625
6 0.8953125 0.85390625 0.1703125 0.2265625
6 0.6375 0.62109375 0.18125 0.2046875
6 0.65 0.86875 0.20625 0.2390625
7 0.5859375 0.13046875 0.190625 0.2109375
7 0.35546875 0.390625 0.175 0.2
4 0.871875 0.59609375 0.1890625 0.2046875
4 0.146875 0.909375 0.18125 0.18125
5 0.85625 0.34453125 0.2140625 0.2328125
5 0.12890625 0.6703125 0.2078125 0.225
5 0.6 0.37265625 0.1984375 0.2203125
5 0.378125 0.6484375 0.2046875 0.215625
6 0.4078125 0.8953125 0.1984375 0.1921875