6 0.121875 0.85703125 0.1875 0.196875
6 0.36015625 0.8671875 0.1625 0.2046875
6 0.61328125 0.88984375 0.165625 0.1859375
6 0.14609375 0.1078125 0.1578125 0.2140625
6 0.13984375 0.34765625 0.1625 0.165625
6 0.38984375 0.34453125 0.1640625 0.184375
7 0.86484375 0.89609375 0.15625 0.2
7 0.12421875 0.60546875 0.175 0.2015625
6 0.6390625 0.359375 0.165625 0.1953125
5 0.36953125 0.6140625 0.184375 0.1921875
5 0.390625 0.11171875 0.1578125 0.1734375
4 0.64921875 0.1 0.1796875 0.184375
7 0.88046875 0.1390625 0.1578125 0.178125
4 0.88359375 0.38671875 0.1625 0.2171875
2 0.8703125 0.63203125 0.196875 0.1875
2 0.6328125 0.6265625 0.1875 0.2234375