5 0.13046875 0.65 0.1984375 0.21875
5 0.87578125 0.1296875 0.2046875 0.2203125
7 0.63203125 0.3765625 0.234375 0.228125
7 0.89375 0.884375 0.1953125 0.2203125
7 0.13828125 0.8828125 0.2265625 0.2109375
4 0.3875 0.60703125 0.1890625 0.203125
2 0.1234375 0.13984375 0.184375 0.2078125
6 0.3734375 0.13203125 0.2 0.2125
6 0.13203125 0.3875 0.2328125 0.23125
6 0.40234375 0.884375 0.23125 0.2015625
4 0.6234375 0.140625 0.1625 0.2078125
6 0.6421875 0.8890625 0.2171875 0.2203125
6 0.38671875 0.39140625 0.2046875 0.225
7 0.63515625 0.62734375 0.1984375 0.2125
5 0.8890625 0.615625 0.221875 0.19375
6 0.87890625 0.3625 0.2203125 0.2109375