5 0.121875 0.11640625 0.1453125 0.1828125
5 0.6171875 0.3796875 0.1875 0.2
5 0.371875 0.6265625 0.1859375 0.184375
5 0.63125 0.63671875 0.1765625 0.2046875
5 0.37734375 0.3796875 0.1734375 0.190625
7 0.1390625 0.8921875 0.178125 0.209375
7 0.375 0.1359375 0.2 0.1953125
4 0.61328125 0.13359375 0.1609375 0.1921875
4 0.128125 0.3625 0.196875 0.1953125
6 0.1359375 0.63984375 0.1765625 0.2046875
6 0.37734375 0.8828125 0.1921875 0.196875
6 0.6234375 0.878125 0.159375 0.215625
6 0.8890625 0.61640625 0.1640625 0.2015625
6 0.87734375 0.8875 0.1703125 0.18125
6 0.8734375 0.1390625 0.16875 0.178125
6 0.8859375 0.38125 0.1640625 0.209375