5 0.4046875 0.64140625 0.2640625 0.2515625
5 0.65859375 0.5984375 0.25 0.25
5 0.3171875 0.140625 0.2453125 0.2453125
5 0.11796875 0.44140625 0.2359375 0.2484375
5 0.1609375 0.68671875 0.2328125 0.2421875
4 0.69765625 0.83828125 0.246875 0.25
4 0.8859375 0.5546875 0.228125 0.259375
4 0.55703125 0.1078125 0.2359375 0.215625
2 0.81171875 0.09375 0.2203125 0.1875
2 0.46015625 0.88671875 0.2359375 0.2265625
2 0.90859375 0.78515625 0.1828125 0.2453125
6 0.20703125 0.89375 0.2203125 0.2125
6 0.35234375 0.3984375 0.2046875 0.225
6 0.59921875 0.3296875 0.2578125 0.259375
6 0.8375 0.2953125 0.2171875 0.253125
6 0.08515625 0.184375 0.1703125 0.215625