5 0.90703125 0.19296875 0.1859375 0.2390625
5 0.42265625 0.11328125 0.1984375 0.2265625
5 0.884375 0.42578125 0.221875 0.2296875
5 0.075 0.81484375 0.15 0.2390625
6 0.6671875 0.1421875 0.2296875 0.25
6 0.190625 0.08671875 0.225 0.1734375
6 0.6203125 0.38828125 0.2171875 0.23125
6 0.0953125 0.56875 0.190625 0.215625
6 0.55234375 0.8890625 0.2328125 0.221875
2 0.7890625 0.9046875 0.24375 0.190625
2 0.1265625 0.3140625 0.221875 0.228125
4 0.8546875 0.68203125 0.1953125 0.1984375
4 0.6 0.64609375 0.2125 0.2
7 0.3234375 0.8578125 0.196875 0.21875
7 0.346875 0.59765625 0.2125 0.221875
7 0.378125 0.3640625 0.2140625 0.24375