4 0.90390625 0.7703125 0.1921875 0.284375
4 0.65625 0.59296875 0.2609375 0.2625
4 0.88203125 0.53828125 0.2359375 0.2734375
6 0.4625 0.87734375 0.275 0.2453125
6 0.225 0.90859375 0.284375 0.1828125
6 0.34453125 0.40703125 0.2203125 0.2328125
6 0.1578125 0.70859375 0.2609375 0.2484375
6 0.70625 0.8296875 0.234375 0.2625
5 0.11328125 0.4609375 0.2265625 0.240625
4 0.4015625 0.634375 0.2671875 0.240625
2 0.7640625 0.06875 0.209375 0.1375
5 0.58046875 0.35546875 0.2453125 0.2390625
6 0.52421875 0.11484375 0.2453125 0.2296875
6 0.2875 0.153125 0.24375 0.2640625
7 0.06875 0.2125 0.1375 0.25
2 0.825 0.27265625 0.2875 0.2609375