6 0.134375 0.1296875 0.18125 0.190625
6 0.3734375 0.128125 0.15625 0.2
6 0.6265625 0.1140625 0.159375 0.18125
6 0.1328125 0.8796875 0.15 0.209375
6 0.134375 0.63984375 0.15625 0.1609375
6 0.384375 0.6515625 0.1578125 0.1796875
7 0.878125 0.1171875 0.15 0.1953125
7 0.128125 0.38125 0.16875 0.1953125
6 0.634375 0.6453125 0.159375 0.190625
5 0.3734375 0.38125 0.178125 0.1859375
5 0.37734375 0.884375 0.1515625 0.16875
4 0.63515625 0.9046875 0.1734375 0.178125
7 0.86796875 0.87421875 0.1515625 0.1734375
4 0.8796875 0.6265625 0.1546875 0.2125
2 0.875 0.38125 0.190625 0.18125
2 0.6375 0.378125 0.1796875 0.2171875