5 0.14609375 0.34453125 0.2234375 0.234375
5 0.3578125 0.621875 0.215625 0.25
5 0.1015625 0.83046875 0.203125 0.2390625
2 0.64609375 0.3984375 0.20625 0.2015625
2 0.91015625 0.1734375 0.1796875 0.203125
2 0.6671875 0.14765625 0.2 0.21875
5 0.584375 0.8875 0.20625 0.225
5 0.409375 0.10859375 0.21875 0.20625
7 0.61640625 0.64921875 0.2359375 0.221875
7 0.84296875 0.9 0.2484375 0.2
6 0.1625 0.1109375 0.221875 0.221875
7 0.34609375 0.86953125 0.2171875 0.2234375
7 0.11875 0.5890625 0.2375 0.259375
6 0.85 0.6671875 0.209375 0.25
6 0.38671875 0.36796875 0.18125 0.2296875
6 0.90078125 0.4140625 0.1984375 0.225