4 0.08046875 0.7921875 0.1609375 0.2625
4 0.10859375 0.53828125 0.2171875 0.2671875
4 0.15234375 0.303125 0.23125 0.25
7 0.203125 0.09765625 0.25 0.1953125
6 0.69609375 0.16328125 0.2296875 0.2453125
6 0.4546875 0.115625 0.23125 0.23125
6 0.39296875 0.346875 0.221875 0.2515625
6 0.33828125 0.59765625 0.25 0.25
6 0.5828125 0.66796875 0.246875 0.2390625
6 0.528125 0.89296875 0.20625 0.2140625
4 0.77109375 0.9140625 0.2453125 0.171875
4 0.2875 0.83203125 0.2328125 0.2390625
2 0.82421875 0.71484375 0.2109375 0.2375
2 0.915625 0.22578125 0.16875 0.2546875
5 0.8828125 0.4640625 0.234375 0.246875
5 0.64765625 0.4125 0.24375 0.253125