5 0.1171875 0.1203125 0.196875 0.2078125
5 0.6265625 0.12734375 0.18125 0.2046875
5 0.63671875 0.88671875 0.1921875 0.2046875
5 0.88203125 0.38125 0.1921875 0.1953125
5 0.37734375 0.1234375 0.1828125 0.1859375
7 0.8828125 0.13984375 0.18125 0.2046875
7 0.13984375 0.6359375 0.1828125 0.1953125
6 0.13671875 0.3859375 0.1734375 0.196875
6 0.628125 0.6484375 0.178125 0.1953125
6 0.3875 0.8796875 0.1765625 0.2
6 0.1296875 0.8828125 0.165625 0.2
4 0.8875 0.8796875 0.18125 0.2
4 0.6390625 0.38828125 0.1765625 0.2015625
4 0.3984375 0.628125 0.196875 0.209375
2 0.3890625 0.3796875 0.18125 0.2125
2 0.88203125 0.6390625 0.1734375 0.2