5 0.3859375 0.1140625 0.253125 0.2
5 0.871875 0.378125 0.1953125 0.2265625
7 0.8796875 0.6296875 0.16875 0.190625
7 0.134375 0.8625 0.1875 0.178125
5 0.86875 0.1296875 0.184375 0.196875
5 0.1328125 0.134375 0.1875 0.190625
4 0.6390625 0.1421875 0.165625 0.25
4 0.8796875 0.86875 0.18125 0.1765625
6 0.1296875 0.39453125 0.16875 0.2140625
6 0.3828125 0.4046875 0.1875 0.24375
6 0.13046875 0.63046875 0.1703125 0.1921875
6 0.3875 0.6546875 0.1875 0.2125
6 0.40234375 0.87421875 0.2015625 0.1828125
6 0.6375 0.62734375 0.190625 0.1921875
6 0.63125 0.396875 0.18125 0.1953125
4 0.62890625 0.875 0.2046875 0.2265625