5 0.6328125 0.38671875 0.209375 0.2046875
5 0.384375 0.1359375 0.1875 0.2078125
5 0.1328125 0.6265625 0.1859375 0.184375
7 0.8921875 0.3984375 0.2 0.2171875
7 0.1390625 0.875 0.1875 0.196875
7 0.13125 0.14140625 0.1859375 0.2015625
5 0.1359375 0.37578125 0.2 0.2015625
7 0.3859375 0.6234375 0.196875 0.2
7 0.634375 0.63046875 0.190625 0.1921875
2 0.878125 0.646875 0.215625 0.1640625
4 0.39375 0.8734375 0.209375 0.2265625
6 0.3953125 0.3765625 0.159375 0.2
6 0.87578125 0.1390625 0.1609375 0.196875
6 0.87734375 0.8890625 0.1828125 0.2125
6 0.634375 0.8796875 0.2125 0.23125
2 0.63046875 0.11875 0.2015625 0.2125