5 0.871875 0.85703125 0.2 0.2265625
5 0.38125 0.6234375 0.1734375 0.2078125
5 0.3515625 0.12265625 0.1796875 0.190625
5 0.6109375 0.36328125 0.2046875 0.21875
7 0.63046875 0.8765625 0.1765625 0.1859375
7 0.615625 0.63203125 0.1734375 0.2109375
7 0.10546875 0.375 0.1796875 0.2078125
7 0.11796875 0.63671875 0.19375 0.1984375
2 0.3703125 0.88046875 0.18125 0.184375
4 0.36328125 0.37109375 0.18125 0.1875
4 0.615625 0.125 0.19375 0.2046875
6 0.86640625 0.6359375 0.1890625 0.203125
6 0.87734375 0.36640625 0.1890625 0.2046875
6 0.85390625 0.125 0.1765625 0.221875
6 0.11875 0.865625 0.1671875 0.2046875
6 0.109375 0.1234375 0.153125 0.1953125