6 0.83984375 0.89375 0.2046875 0.2125
6 0.5984375 0.88046875 0.1953125 0.2234375
6 0.1 0.83828125 0.1953125 0.221875
5 0.3390625 0.85 0.18125 0.2046875
5 0.85546875 0.653125 0.184375 0.2
5 0.37890625 0.33984375 0.1796875 0.1875
5 0.91328125 0.1671875 0.16875 0.234375
7 0.61484375 0.6328125 0.1890625 0.228125
7 0.62578125 0.3890625 0.1953125 0.2078125
6 0.13125 0.3421875 0.1734375 0.2078125
2 0.36796875 0.6125 0.203125 0.2109375
2 0.115625 0.5875 0.175 0.1984375
2 0.87578125 0.39921875 0.2046875 0.2125
4 0.6453125 0.13671875 0.16875 0.2140625
4 0.15 0.10234375 0.18125 0.2046875
6 0.40078125 0.1125 0.2046875 0.2171875