6 0.3875 0.11875 0.196875 0.2078125
6 0.134375 0.13046875 0.159375 0.2015625
6 0.634375 0.884375 0.215625 0.209375
4 0.87578125 0.89140625 0.1796875 0.2171875
4 0.6328125 0.3828125 0.18125 0.2265625
7 0.38203125 0.403125 0.1828125 0.209375
7 0.12578125 0.6328125 0.2015625 0.21875
7 0.36875 0.6359375 0.2203125 0.2078125
5 0.62734375 0.640625 0.2015625 0.2
5 0.125 0.8921875 0.190625 0.2125
2 0.878125 0.37890625 0.21875 0.2046875
6 0.61875 0.13125 0.2125 0.196875
6 0.89375 0.14140625 0.2125 0.2203125
6 0.134375 0.390625 0.18125 0.190625
2 0.38359375 0.875 0.1828125 0.21875
6 0.89375 0.63359375 0.2125 0.2046875