5 0.60390625 0.359375 0.25 0.246875
5 0.30546875 0.17109375 0.2296875 0.2453125
5 0.1703125 0.70625 0.221875 0.221875
7 0.859375 0.3125 0.24375 0.25625
7 0.23203125 0.91484375 0.2265625 0.1703125
7 0.08671875 0.2328125 0.1734375 0.2375
5 0.11875 0.4609375 0.2375 0.240625
7 0.41640625 0.64609375 0.2375 0.2390625
7 0.66015625 0.596875 0.2296875 0.2296875
2 0.8890625 0.55703125 0.221875 0.2078125
4 0.48046875 0.8765625 0.2546875 0.246875
6 0.3703125 0.403125 0.2 0.23125
6 0.78515625 0.0890625 0.2015625 0.178125
6 0.92109375 0.79453125 0.1578125 0.2484375
6 0.71640625 0.83984375 0.259375 0.2734375
2 0.540625 0.1125 0.24375 0.225