5 0.8828125 0.55 0.234375 0.271875
5 0.346875 0.41171875 0.2546875 0.2546875
5 0.1078125 0.465625 0.215625 0.253125
5 0.45625 0.88828125 0.23125 0.2234375
5 0.78671875 0.0921875 0.2171875 0.184375
5 0.840625 0.30625 0.234375 0.24375
5 0.5453125 0.125 0.24375 0.25
5 0.69296875 0.8515625 0.2453125 0.2359375
5 0.08671875 0.21953125 0.1734375 0.2578125
4 0.140625 0.71171875 0.246875 0.24375
4 0.3953125 0.66484375 0.221875 0.2375
4 0.60234375 0.36484375 0.2328125 0.21875
7 0.3015625 0.1671875 0.2484375 0.2578125
7 0.1984375 0.925 0.228125 0.15
5 0.64296875 0.61328125 0.2125 0.240625
6 0.9078125 0.7953125 0.184375 0.2375