4 0.1296875 0.12890625 0.21875 0.2359375
4 0.1265625 0.371875 0.178125 0.23125
4 0.8921875 0.1328125 0.2125 0.2125
5 0.36796875 0.378125 0.2234375 0.2125
7 0.88359375 0.3875 0.2015625 0.21875
4 0.3734375 0.8765625 0.2125 0.221875
2 0.62734375 0.1328125 0.1734375 0.21875
7 0.88125 0.634375 0.1875 0.2265625
4 0.13125 0.8796875 0.1859375 0.2125
6 0.62734375 0.62578125 0.1921875 0.2140625
6 0.6296875 0.8859375 0.2 0.215625
2 0.8859375 0.884375 0.2078125 0.2
6 0.1265625 0.628125 0.1859375 0.2
6 0.37265625 0.634375 0.2015625 0.2078125
5 0.37578125 0.13125 0.2046875 0.2265625