7 0.5890625 0.8859375 0.20625 0.228125
7 0.66875 0.13828125 0.2078125 0.2171875
2 0.14609375 0.321875 0.20625 0.221875
2 0.3328125 0.85 0.2109375 0.24375
6 0.81640625 0.9046875 0.2171875 0.190625
6 0.84453125 0.67734375 0.2171875 0.240625
6 0.5953125 0.63515625 0.2 0.225
6 0.365625 0.6 0.190625 0.1984375
6 0.0953125 0.5796875 0.190625 0.190625
6 0.40234375 0.10078125 0.1828125 0.2015625
6 0.16875 0.0828125 0.190625 0.165625
6 0.62890625 0.37578125 0.1859375 0.215625
2 0.88046875 0.4125 0.209375 0.2265625
5 0.91015625 0.171875 0.1796875 0.246875
4 0.39140625 0.353125 0.1984375 0.2328125
4 0.08359375 0.82890625 0.1671875 0.2109375