5 0.09375 0.80234375 0.1875 0.2671875
5 0.31015625 0.84921875 0.25625 0.2546875
6 0.35390625 0.59765625 0.2171875 0.246875
6 0.56953125 0.875 0.2546875 0.25
6 0.19375 0.09765625 0.234375 0.1953125
6 0.1640625 0.3140625 0.221875 0.26875
2 0.80625 0.9078125 0.2125 0.184375
2 0.84609375 0.678125 0.246875 0.253125
2 0.9203125 0.19375 0.159375 0.25
2 0.11875 0.5578125 0.225 0.2484375
4 0.409375 0.35546875 0.2125 0.24375
7 0.66484375 0.39140625 0.2546875 0.2453125
6 0.4515625 0.11015625 0.228125 0.2203125
6 0.61484375 0.6390625 0.24375 0.25
5 0.69921875 0.15625 0.2375 0.2421875