5 0.134375 0.1265625 0.190625 0.2171875
5 0.890625 0.63125 0.1765625 0.23125
5 0.6390625 0.3640625 0.1953125 0.196875
5 0.378125 0.625 0.1859375 0.21875
6 0.3796875 0.1390625 0.165625 0.2171875
6 0.1265625 0.365625 0.1859375 0.2078125
6 0.140625 0.63125 0.190625 0.2078125
6 0.1296875 0.884375 0.18125 0.1875
6 0.878125 0.3890625 0.146875 0.190625
7 0.8734375 0.14375 0.15625 0.2
4 0.6296875 0.13203125 0.178125 0.2015625
4 0.36875 0.37109375 0.16875 0.2015625
2 0.640625 0.628125 0.1953125 0.2109375
6 0.39296875 0.871875 0.1828125 0.21875
6 0.6296875 0.8859375 0.1796875 0.2078125
6 0.88203125 0.8765625 0.2046875 0.23125