6 0.11796875 0.128125 0.2359375 0.23125
6 0.384375 0.3796875 0.2109375 0.23125
6 0.6390625 0.384375 0.21875 0.209375
7 0.87890625 0.13359375 0.2046875 0.2046875
7 0.128125 0.3890625 0.1953125 0.2
7 0.1328125 0.628125 0.2125 0.221875
7 0.88125 0.88125 0.2 0.2
5 0.88046875 0.6234375 0.2015625 0.18125
5 0.371875 0.13046875 0.1859375 0.2015625
2 0.64296875 0.6359375 0.2015625 0.2078125
2 0.3765625 0.62109375 0.1953125 0.2046875
4 0.128125 0.88984375 0.1875 0.2046875
6 0.37890625 0.878125 0.1921875 0.23125
6 0.6265625 0.87734375 0.2 0.2015625
6 0.63125 0.1296875 0.1953125 0.2171875
6 0.8765625 0.38359375 0.184375 0.2046875