5 0.4828125 0.8875 0.29375 0.225
5 0.884375 0.52734375 0.23125 0.2671875
7 0.83671875 0.28203125 0.209375 0.2265625
7 0.08515625 0.2359375 0.1703125 0.21875
5 0.9171875 0.76953125 0.165625 0.2359375
5 0.23125 0.9140625 0.228125 0.171875
4 0.721875 0.81328125 0.221875 0.2828125
4 0.778125 0.07890625 0.21875 0.1578125
6 0.16640625 0.6921875 0.215625 0.2484375
6 0.409375 0.62109375 0.240625 0.28125
6 0.11015625 0.4625 0.2125 0.228125
6 0.353125 0.37734375 0.2328125 0.2515625
6 0.31484375 0.16015625 0.2390625 0.2265625
6 0.60234375 0.34296875 0.23125 0.2328125
6 0.65234375 0.56796875 0.2234375 0.2328125
4 0.534375 0.11953125 0.253125 0.2390625