5 0.7953125 0.09609375 0.225 0.1921875
5 0.13828125 0.696875 0.2140625 0.2578125
5 0.3390625 0.390625 0.2265625 0.228125
5 0.64140625 0.6015625 0.221875 0.2484375
6 0.55546875 0.1234375 0.2015625 0.2421875
6 0.84453125 0.303125 0.21875 0.2375
6 0.8765625 0.5671875 0.2234375 0.2375
6 0.9125 0.8140625 0.175 0.215625
6 0.10859375 0.45625 0.178125 0.2125
7 0.08203125 0.21328125 0.1640625 0.2234375
4 0.30859375 0.16015625 0.2109375 0.2296875
4 0.60703125 0.35 0.2015625 0.228125
2 0.38359375 0.65078125 0.2296875 0.2421875
6 0.6703125 0.84765625 0.21875 0.246875
6 0.4390625 0.8921875 0.2125 0.215625
6 0.18828125 0.903125 0.2421875 0.19375