6 0.77734375 0.91015625 0.2390625 0.1796875
6 0.1171875 0.52109375 0.2171875 0.240625
6 0.171875 0.29140625 0.2078125 0.234375
6 0.22421875 0.06953125 0.1921875 0.1390625
6 0.7171875 0.15390625 0.246875 0.25625
6 0.8375 0.709375 0.2359375 0.265625
7 0.921875 0.21875 0.15625 0.25
4 0.89296875 0.47421875 0.2140625 0.2359375
4 0.64921875 0.425 0.2296875 0.2609375
5 0.5328125 0.878125 0.2125 0.24375
5 0.07578125 0.771875 0.1515625 0.234375
5 0.2828125 0.81484375 0.225 0.253125
5 0.46640625 0.11484375 0.2484375 0.2296875
6 0.5875 0.653125 0.215625 0.2203125
6 0.35390625 0.58828125 0.2203125 0.2296875
6 0.39453125 0.33671875 0.2296875 0.2515625