6 0.85546875 0.1125 0.2515625 0.225
6 0.60703125 0.371875 0.2265625 0.2453125
6 0.353125 0.39453125 0.2328125 0.2234375
7 0.10234375 0.1609375 0.2046875 0.21875
7 0.86328125 0.36328125 0.209375 0.2125
7 0.875 0.60234375 0.228125 0.2359375
7 0.14609375 0.9 0.2140625 0.2
5 0.12890625 0.65 0.2140625 0.1953125
5 0.60234375 0.12265625 0.2 0.2140625
2 0.3671875 0.6453125 0.215625 0.221875
2 0.63125 0.6125 0.209375 0.2171875
4 0.8984375 0.86328125 0.2015625 0.2171875
6 0.646875 0.86875 0.2078125 0.24375
6 0.4 0.88515625 0.2140625 0.215625
6 0.34296875 0.13984375 0.209375 0.2296875
6 0.11640625 0.41015625 0.1984375 0.2171875