7 0.16875 0.10859375 0.190625 0.2171875
7 0.396875 0.37421875 0.2109375 0.190625
4 0.40703125 0.12578125 0.184375 0.196875
4 0.89453125 0.41171875 0.2 0.2203125
5 0.6625 0.13828125 0.21875 0.23125
5 0.096875 0.85234375 0.19375 0.2234375
6 0.90703125 0.14921875 0.1859375 0.2015625
6 0.1375 0.34140625 0.196875 0.2109375
6 0.1265625 0.58828125 0.203125 0.2109375
6 0.615625 0.62890625 0.159375 0.1859375
6 0.84296875 0.89375 0.1921875 0.2125
6 0.5984375 0.8875 0.190625 0.215625
6 0.3609375 0.61171875 0.1890625 0.2046875
6 0.33828125 0.86953125 0.221875 0.21875
5 0.64375 0.39765625 0.1984375 0.2171875