5 0.19609375 0.1046875 0.2296875 0.209375
5 0.63828125 0.39921875 0.2 0.228125
5 0.58125 0.8953125 0.203125 0.209375
5 0.3671875 0.61484375 0.2328125 0.24375
7 0.43671875 0.10625 0.2 0.2078125
7 0.409375 0.34921875 0.2 0.23125
7 0.86640625 0.69140625 0.20625 0.2296875
7 0.8953125 0.43203125 0.209375 0.2234375
2 0.69375 0.14765625 0.2046875 0.20625
4 0.6125 0.65078125 0.2046875 0.209375
4 0.32109375 0.84921875 0.2203125 0.228125
6 0.1625 0.30234375 0.215625 0.2265625
6 0.10625 0.565625 0.2125 0.228125
6 0.09453125 0.8078125 0.1890625 0.24375
6 0.92109375 0.20625 0.1578125 0.225
6 0.81875 0.915625 0.178125 0.16875