5 0.09140625 0.80390625 0.1828125 0.2609375
5 0.56875 0.8859375 0.215625 0.228125
5 0.61171875 0.6484375 0.23125 0.2578125
5 0.896875 0.44609375 0.20625 0.2453125
5 0.153125 0.3328125 0.2234375 0.2375
5 0.4046875 0.36328125 0.2234375 0.23125
2 0.121875 0.565625 0.2203125 0.24375
7 0.21015625 0.10078125 0.2234375 0.2015625
5 0.65703125 0.41015625 0.215625 0.2375
5 0.91484375 0.2109375 0.1703125 0.25
4 0.33828125 0.85703125 0.2171875 0.240625
5 0.79921875 0.90859375 0.1796875 0.1828125
4 0.85234375 0.69375 0.2203125 0.25625
6 0.371875 0.6140625 0.2421875 0.240625
6 0.45078125 0.11484375 0.2078125 0.2296875
6 0.70078125 0.16171875 0.259375 0.2671875