5 0.61953125 0.1359375 0.1921875 0.2265625
5 0.8734375 0.1265625 0.1875 0.2078125
5 0.12734375 0.128125 0.1828125 0.2
5 0.88359375 0.38515625 0.2046875 0.2140625
5 0.88359375 0.6328125 0.1921875 0.209375
5 0.37578125 0.89140625 0.2046875 0.2171875
7 0.6265625 0.37734375 0.2078125 0.2140625
7 0.39609375 0.621875 0.1703125 0.196875
7 0.39140625 0.390625 0.2046875 0.2171875
6 0.140625 0.3765625 0.2078125 0.2078125
6 0.634375 0.89765625 0.1953125 0.2046875
4 0.64375 0.646875 0.21875 0.2265625
2 0.88359375 0.8671875 0.1703125 0.18125
6 0.11953125 0.8828125 0.1921875 0.21875
5 0.128125 0.6359375 0.1953125 0.23125
6 0.378125 0.1359375 0.1765625 0.228125