7 0.15703125 0.1 0.2046875 0.2
7 0.59453125 0.89296875 0.2140625 0.2140625
5 0.140625 0.34609375 0.1875 0.2234375
5 0.36796875 0.6078125 0.2078125 0.2125
5 0.8859375 0.42265625 0.2 0.2234375
5 0.840625 0.91015625 0.196875 0.1796875
4 0.8578125 0.66640625 0.1890625 0.1921875
4 0.1359375 0.6046875 0.2203125 0.2328125
4 0.34453125 0.871875 0.209375 0.2125
2 0.10234375 0.84375 0.2046875 0.2125
6 0.41328125 0.125 0.19375 0.21875
6 0.40078125 0.36875 0.1875 0.2109375
6 0.63984375 0.39140625 0.2125 0.215625
6 0.653125 0.14609375 0.2015625 0.225
6 0.8921875 0.1765625 0.215625 0.21875
6 0.61484375 0.62578125 0.2109375 0.234375