2 0.90078125 0.80703125 0.1984375 0.2765625
6 0.43359375 0.8796875 0.2515625 0.240625
6 0.1921875 0.90234375 0.25 0.1953125
6 0.54375 0.115625 0.2625 0.23125
6 0.3015625 0.14765625 0.25 0.2640625
5 0.68984375 0.84609375 0.2125 0.2453125
5 0.8828125 0.55390625 0.234375 0.2546875
5 0.08359375 0.19921875 0.1671875 0.2453125
4 0.8390625 0.30390625 0.2390625 0.2453125
4 0.5984375 0.35078125 0.2375 0.2421875
4 0.64375 0.5953125 0.1890625 0.2109375
5 0.10078125 0.43203125 0.2015625 0.2421875
7 0.34140625 0.3859375 0.2375 0.2375
7 0.14296875 0.6890625 0.2453125 0.2390625
7 0.38203125 0.64140625 0.25625 0.2546875
6 0.7921875 0.08828125 0.215625 0.1765625