4 0.384375 0.87109375 0.221875 0.2203125
4 0.3859375 0.12109375 0.215625 0.2421875
5 0.103125 0.62890625 0.20625 0.2421875
5 0.12578125 0.878125 0.2171875 0.2296875
5 0.6140625 0.88671875 0.2 0.2265625
5 0.125 0.37578125 0.2171875 0.2078125
5 0.36484375 0.38984375 0.2171875 0.2203125
6 0.125 0.11796875 0.221875 0.2171875
6 0.6109375 0.63046875 0.2375 0.246875
6 0.8796875 0.125 0.2234375 0.240625
6 0.6140625 0.128125 0.2125 0.225
6 0.60859375 0.378125 0.2109375 0.2109375
2 0.8609375 0.3875 0.2046875 0.2109375
7 0.86328125 0.6390625 0.1890625 0.221875
7 0.87265625 0.88515625 0.1984375 0.2265625