6 0.090625 0.76875 0.18125 0.28125
6 0.35859375 0.5890625 0.2609375 0.275
6 0.60703125 0.64609375 0.2625 0.25625
7 0.77890625 0.9109375 0.2484375 0.178125
7 0.115625 0.5171875 0.23125 0.240625
7 0.175 0.28671875 0.259375 0.2671875
7 0.9203125 0.22265625 0.159375 0.2421875
5 0.88984375 0.471875 0.2203125 0.225
5 0.2859375 0.82734375 0.2296875 0.240625
2 0.671875 0.40234375 0.2453125 0.25
2 0.409375 0.35234375 0.2390625 0.2453125
4 0.2328125 0.0765625 0.23125 0.153125
6 0.47421875 0.11953125 0.2421875 0.2390625
6 0.7140625 0.16484375 0.2421875 0.24375
6 0.53671875 0.88125 0.2421875 0.2375
6 0.8375 0.70390625 0.228125 0.24375