7 0.165625 0.7140625 0.2609375 0.2734375
5 0.6 0.346875 0.2484375 0.265625
5 0.29296875 0.15546875 0.2375 0.2703125
7 0.4078125 0.64375 0.2515625 0.2625
4 0.89375 0.51953125 0.2125 0.2515625
4 0.85390625 0.2828125 0.225 0.234375
2 0.92578125 0.7625 0.1484375 0.25
6 0.2171875 0.91328125 0.25 0.1734375
6 0.46015625 0.88828125 0.2421875 0.2234375
6 0.7140625 0.82578125 0.278125 0.2640625
6 0.66328125 0.59296875 0.2515625 0.2515625
6 0.109375 0.45390625 0.21875 0.2234375
6 0.0921875 0.209375 0.184375 0.246875
6 0.35390625 0.39765625 0.265625 0.2390625
6 0.5390625 0.109375 0.221875 0.21875
6 0.775 0.0890625 0.25625 0.178125