5 0.134375 0.13671875 0.196875 0.2234375
5 0.62109375 0.37890625 0.1703125 0.2046875
5 0.6421875 0.8796875 0.1765625 0.1875
5 0.38671875 0.634375 0.2015625 0.215625
7 0.37578125 0.12109375 0.1734375 0.1828125
7 0.38671875 0.365625 0.1703125 0.2078125
7 0.8921875 0.63203125 0.1765625 0.2046875
7 0.884375 0.3703125 0.190625 0.1953125
2 0.6359375 0.121875 0.178125 0.18125
4 0.634375 0.63125 0.178125 0.184375
4 0.378125 0.87265625 0.190625 0.2015625
6 0.1359375 0.3578125 0.1859375 0.2
6 0.1203125 0.62734375 0.1859375 0.2015625
6 0.13984375 0.86875 0.1734375 0.21875
6 0.8875 0.14140625 0.1640625 0.2015625
6 0.884375 0.88359375 0.15 0.1921875