7 0.8875 0.16484375 0.1875 0.215625
7 0.621875 0.3921875 0.2078125 0.1875
4 0.65 0.14453125 0.18125 0.19375
4 0.12421875 0.35078125 0.196875 0.2171875
5 0.39609375 0.11796875 0.215625 0.228125
5 0.84765625 0.90078125 0.2015625 0.1984375
6 0.14609375 0.09453125 0.1953125 0.1890625
6 0.8828125 0.4 0.19375 0.2078125
6 0.8546875 0.6453125 0.2 0.2078125
6 0.365625 0.60859375 0.1578125 0.1828125
6 0.09765625 0.84765625 0.1890625 0.2328125
6 0.3421875 0.8671875 0.1875 0.2125
6 0.6203125 0.63203125 0.1859375 0.2015625
6 0.6015625 0.88984375 0.21875 0.215625
5 0.37421875 0.37578125 0.1953125 0.2140625