6 0.91484375 0.2109375 0.1703125 0.25625
6 0.70546875 0.16484375 0.2171875 0.2421875
6 0.21640625 0.08984375 0.2171875 0.1796875
5 0.4484375 0.11875 0.2015625 0.2203125
5 0.884375 0.45703125 0.203125 0.2171875
5 0.3375 0.61796875 0.1984375 0.2046875
5 0.79765625 0.90703125 0.1921875 0.1859375
7 0.6484375 0.40625 0.2109375 0.2453125
7 0.58828125 0.6421875 0.215625 0.225
6 0.10078125 0.54296875 0.19375 0.2234375
2 0.40625 0.35390625 0.2234375 0.2296875
2 0.15859375 0.3046875 0.1953125 0.215625
2 0.8296875 0.70625 0.225 0.23125
4 0.5328125 0.8875 0.190625 0.225
4 0.0734375 0.784375 0.146875 0.2375
6 0.29140625 0.84140625 0.225 0.2359375