2 0.3984375 0.64765625 0.2609375 0.271875
5 0.58359375 0.33984375 0.240625 0.2640625
5 0.3375 0.4015625 0.246875 0.2546875
4 0.28359375 0.1625 0.2171875 0.25625
4 0.075 0.21875 0.15 0.234375
5 0.75625 0.0796875 0.21875 0.159375
5 0.93046875 0.7609375 0.1390625 0.23125
5 0.71171875 0.8125 0.221875 0.2375
4 0.46328125 0.88046875 0.2234375 0.23125
7 0.878125 0.525 0.221875 0.2265625
6 0.6515625 0.5828125 0.2171875 0.2359375
6 0.159375 0.69765625 0.20625 0.225
6 0.82578125 0.28828125 0.225 0.2515625
6 0.52109375 0.10703125 0.1984375 0.2140625
6 0.20703125 0.9109375 0.2109375 0.178125
6 0.09609375 0.4640625 0.1921875 0.234375