4 0.8890625 0.859375 0.221875 0.2125
4 0.6203125 0.61796875 0.1984375 0.2421875
2 0.6421875 0.87421875 0.2015625 0.20625
5 0.6203125 0.3703125 0.1984375 0.221875
5 0.36640625 0.62265625 0.225 0.221875
2 0.86484375 0.35 0.2078125 0.2234375
2 0.3453125 0.1390625 0.1953125 0.209375
2 0.12734375 0.88359375 0.2078125 0.2328125
2 0.103125 0.396875 0.20625 0.20625
6 0.38359375 0.8671875 0.2125 0.2390625
5 0.121875 0.63671875 0.1953125 0.2140625
7 0.87890625 0.60078125 0.20625 0.21875
2 0.5953125 0.10859375 0.1890625 0.2171875
6 0.0984375 0.12890625 0.196875 0.2234375
6 0.36484375 0.37578125 0.20625 0.225
6 0.8625 0.1140625 0.19375 0.228125