5 0.128125 0.64375 0.1953125 0.215625
5 0.88203125 0.1359375 0.2015625 0.2171875
7 0.634375 0.37890625 0.23125 0.2234375
7 0.88671875 0.89140625 0.1921875 0.2171875
7 0.13203125 0.8765625 0.2234375 0.2078125
4 0.3859375 0.6046875 0.1859375 0.2
2 0.1296875 0.13359375 0.18125 0.2046875
6 0.3796875 0.1296875 0.196875 0.209375
6 0.134375 0.38125 0.228125 0.2265625
6 0.3953125 0.8828125 0.228125 0.196875
4 0.6296875 0.14296875 0.159375 0.2046875
6 0.63515625 0.89140625 0.2140625 0.2171875
6 0.38828125 0.3890625 0.2015625 0.221875
7 0.6328125 0.6296875 0.1953125 0.209375
5 0.8890625 0.6234375 0.221875 0.190625
6 0.88125 0.36875 0.2171875 0.2078125