5 0.1296875 0.13125 0.190625 0.21875
5 0.8796875 0.38203125 0.190625 0.2328125
5 0.6296875 0.38203125 0.196875 0.2359375
6 0.8703125 0.13125 0.178125 0.221875
6 0.63203125 0.89140625 0.1734375 0.2171875
4 0.6296875 0.6453125 0.178125 0.2
4 0.8828125 0.8734375 0.2 0.2265625
6 0.38984375 0.1296875 0.1828125 0.23125
4 0.38359375 0.38359375 0.1921875 0.2328125
2 0.38203125 0.6296875 0.2015625 0.221875
2 0.3796875 0.87109375 0.2125 0.2328125
2 0.1359375 0.38671875 0.1765625 0.2328125
2 0.878125 0.6296875 0.178125 0.178125
6 0.640625 0.13046875 0.1953125 0.2234375
6 0.1390625 0.62890625 0.18125 0.2015625
2 0.1328125 0.87734375 0.190625 0.2140625