5 0.8359375 0.89140625 0.209375 0.2171875
5 0.11171875 0.584375 0.2109375 0.2484375
5 0.36015625 0.60625 0.2171875 0.2515625
6 0.09921875 0.83515625 0.196875 0.2359375
6 0.40234375 0.10703125 0.1921875 0.2140625
4 0.38359375 0.34375 0.1953125 0.2140625
4 0.1515625 0.1078125 0.21875 0.215625
6 0.57734375 0.87734375 0.2015625 0.2453125
4 0.60546875 0.62578125 0.2125 0.2484375
2 0.62890625 0.38125 0.2203125 0.2390625
2 0.65234375 0.140625 0.23125 0.25
2 0.853125 0.64453125 0.196875 0.246875
2 0.134375 0.3375 0.19375 0.19375
6 0.32734375 0.85625 0.2140625 0.2390625
6 0.87109375 0.403125 0.1984375 0.2171875
2 0.896875 0.15546875 0.20625 0.2296875