5 0.68125 0.1625 0.228125 0.25625
5 0.9109375 0.196875 0.178125 0.2375
5 0.19765625 0.09140625 0.2140625 0.1828125
5 0.8890625 0.453125 0.221875 0.246875
5 0.8546875 0.69765625 0.225 0.2390625
5 0.309375 0.8640625 0.2390625 0.25
7 0.64609375 0.4015625 0.2421875 0.246875
7 0.3765625 0.60234375 0.2015625 0.2234375
7 0.41171875 0.3734375 0.2390625 0.25
6 0.1671875 0.31640625 0.240625 0.240625
6 0.5625 0.8984375 0.228125 0.203125
4 0.61640625 0.66953125 0.2546875 0.2609375
2 0.81328125 0.91171875 0.1984375 0.1765625
6 0.0859375 0.81015625 0.171875 0.2484375
5 0.11328125 0.56953125 0.2265625 0.2609375
6 0.44296875 0.1234375 0.2140625 0.246875