7 0.4203125 0.8875 0.2125 0.225
5 0.14453125 0.65703125 0.1953125 0.2078125
5 0.65703125 0.59453125 0.1859375 0.2171875
5 0.8703125 0.31953125 0.1734375 0.2203125
5 0.615625 0.3453125 0.203125 0.215625
5 0.3265625 0.1328125 0.2234375 0.225
6 0.38984375 0.64375 0.23125 0.23125
6 0.1203125 0.44609375 0.2078125 0.2234375
6 0.096875 0.1765625 0.19375 0.240625
6 0.3671875 0.3875 0.1859375 0.2296875
6 0.58125 0.11015625 0.2125 0.2203125
6 0.81484375 0.08828125 0.1890625 0.1765625
6 0.16953125 0.9046875 0.1984375 0.190625
6 0.8765625 0.5828125 0.1984375 0.2125
5 0.684375 0.846875 0.21875 0.2390625
5 0.9125 0.81953125 0.175 0.2296875