7 0.88359375 0.55234375 0.2328125 0.2640625
5 0.34453125 0.40390625 0.2390625 0.2578125
5 0.540625 0.115625 0.228125 0.23125
7 0.64453125 0.59140625 0.2421875 0.253125
4 0.1375 0.69140625 0.2328125 0.24375
4 0.09765625 0.45234375 0.1953125 0.2265625
2 0.18125 0.9078125 0.23125 0.184375
6 0.91328125 0.79140625 0.1734375 0.2453125
6 0.70390625 0.84375 0.234375 0.234375
6 0.44375 0.87890625 0.26875 0.2421875
6 0.39140625 0.653125 0.24375 0.24375
6 0.840625 0.29140625 0.2234375 0.215625
6 0.76484375 0.0875 0.2171875 0.175
6 0.5890625 0.34609375 0.259375 0.2296875
6 0.29375 0.15234375 0.2140625 0.234375
6 0.09140625 0.20625 0.1828125 0.253125