5 0.13125 0.128125 0.228125 0.221875
5 0.1359375 0.384375 0.18125 0.209375
5 0.128125 0.62109375 0.18125 0.2015625
5 0.390625 0.13828125 0.1953125 0.2015625
6 0.38125 0.378125 0.196875 0.209375
6 0.3921875 0.6234375 0.21875 0.2078125
6 0.6421875 0.38359375 0.2125 0.1921875
6 0.6390625 0.128125 0.184375 0.2078125
6 0.64296875 0.628125 0.1734375 0.196875
6 0.8765625 0.6359375 0.1953125 0.1953125
5 0.6265625 0.8953125 0.2125 0.2
5 0.8796875 0.8828125 0.2125 0.2171875
2 0.1296875 0.88828125 0.2125 0.2046875
7 0.8859375 0.3875 0.1953125 0.2078125
2 0.384375 0.89375 0.1890625 0.1953125
2 0.8765625 0.134375 0.209375 0.2078125