5 0.0953125 0.1875 0.190625 0.24375
5 0.9 0.56875 0.2 0.25625
5 0.61640625 0.34375 0.2234375 0.225
5 0.39921875 0.6421875 0.2171875 0.2453125
6 0.325 0.1625 0.196875 0.240625
6 0.11015625 0.42578125 0.215625 0.234375
6 0.165625 0.6859375 0.2203125 0.234375
6 0.19453125 0.91484375 0.2078125 0.1703125
6 0.85625 0.33125 0.175 0.2109375
7 0.81328125 0.1 0.1859375 0.2
4 0.5703125 0.11640625 0.2078125 0.2265625
4 0.35 0.39296875 0.1984375 0.225
2 0.65859375 0.6046875 0.2265625 0.2390625
6 0.45234375 0.88046875 0.2140625 0.2390625
6 0.68828125 0.8609375 0.209375 0.2328125
6 0.9078125 0.81171875 0.184375 0.2609375