2 0.09140625 0.76875 0.1828125 0.271875
5 0.290625 0.8296875 0.275 0.275
6 0.534375 0.88359375 0.275 0.2328125
6 0.778125 0.90859375 0.278125 0.1828125
6 0.3515625 0.5859375 0.2765625 0.28125
6 0.58984375 0.65 0.2828125 0.2890625
6 0.6546875 0.409375 0.2796875 0.275
6 0.7203125 0.16484375 0.28125 0.284375
2 0.11796875 0.525 0.2359375 0.25625
7 0.83671875 0.71796875 0.265625 0.265625
2 0.41484375 0.3515625 0.2640625 0.2671875
7 0.47578125 0.1265625 0.2765625 0.253125
7 0.23359375 0.08828125 0.2546875 0.1765625
2 0.17421875 0.28984375 0.2765625 0.2796875
2 0.8796875 0.46875 0.240625 0.275
4 0.91171875 0.225 0.1765625 0.2625