5 0.3796875 0.1328125 0.221875 0.2265625
5 0.13203125 0.3859375 0.1828125 0.1953125
5 0.6296875 0.384375 0.1953125 0.2
5 0.634375 0.890625 0.190625 0.1953125
2 0.121875 0.6171875 0.1875 0.228125
2 0.38359375 0.63125 0.2015625 0.2078125
2 0.3859375 0.390625 0.1953125 0.18125
2 0.62734375 0.1296875 0.2046875 0.209375
6 0.890625 0.384375 0.190625 0.2
6 0.8875 0.87265625 0.178125 0.1828125
6 0.87734375 0.1421875 0.2140625 0.21875
4 0.1296875 0.13125 0.1875 0.209375
7 0.1296875 0.875 0.2 0.221875
7 0.3765625 0.8796875 0.21875 0.221875
5 0.8828125 0.62734375 0.1875 0.2140625
6 0.63125 0.61640625 0.2390625 0.2140625