5 0.8828125 0.8796875 0.196875 0.2078125
5 0.3734375 0.87265625 0.18125 0.2046875
5 0.36328125 0.11328125 0.1921875 0.2046875
5 0.11796875 0.61875 0.1921875 0.1953125
5 0.62265625 0.8765625 0.1828125 0.1859375
7 0.1171875 0.86015625 0.18125 0.2046875
7 0.86015625 0.3640625 0.1828125 0.1953125
6 0.86328125 0.6140625 0.1734375 0.196875
6 0.371875 0.3515625 0.178125 0.1953125
6 0.6125 0.1203125 0.1765625 0.2
6 0.8703125 0.1171875 0.165625 0.2
4 0.1125 0.1203125 0.18125 0.2
4 0.3609375 0.61171875 0.1765625 0.2015625
4 0.6015625 0.371875 0.196875 0.209375
2 0.6109375 0.6203125 0.18125 0.2125
2 0.11796875 0.3609375 0.1734375 0.2