4 0.8671875 0.884375 0.1640625 0.23125
4 0.88125 0.628125 0.1875 0.23125
4 0.8828125 0.38671875 0.1875 0.2140625
7 0.88828125 0.13671875 0.2015625 0.2359375
6 0.384375 0.128125 0.1875 0.2078125
6 0.6328125 0.125 0.1875 0.2171875
6 0.6390625 0.375 0.178125 0.2171875
6 0.6359375 0.63125 0.209375 0.2078125
6 0.38125 0.6453125 0.2078125 0.196875
6 0.38125 0.88671875 0.165625 0.2015625
4 0.13359375 0.87734375 0.2046875 0.2015625
4 0.63203125 0.87109375 0.1921875 0.2015625
2 0.1359375 0.63671875 0.16875 0.2046875
2 0.1265625 0.1328125 0.1859375 0.21875
5 0.1265625 0.37734375 0.209375 0.2046875
5 0.37578125 0.38125 0.2015625 0.2125