4 0.29765625 0.83203125 0.2671875 0.265625
4 0.48125 0.12421875 0.265625 0.2484375
5 0.10546875 0.52890625 0.2109375 0.2828125
5 0.0890625 0.77578125 0.178125 0.2734375
5 0.5171875 0.88515625 0.246875 0.2296875
5 0.16640625 0.28828125 0.259375 0.253125
5 0.39609375 0.36015625 0.2625 0.265625
6 0.22890625 0.08515625 0.2671875 0.1703125
6 0.5765625 0.653125 0.2875 0.29375
6 0.9109375 0.22734375 0.178125 0.2859375
6 0.70078125 0.1671875 0.259375 0.26875
6 0.634375 0.40859375 0.2546875 0.2546875
2 0.8765625 0.478125 0.246875 0.253125
7 0.81875 0.72265625 0.2359375 0.259375
7 0.76875 0.915625 0.246875 0.16875