7 0.36484375 0.128125 0.1828125 0.2078125
7 0.3765625 0.8796875 0.1859375 0.1953125
2 0.87265625 0.63359375 0.1828125 0.2015625
2 0.6234375 0.13203125 0.184375 0.2234375
6 0.134375 0.1234375 0.1953125 0.1953125
6 0.13671875 0.365625 0.1921875 0.21875
6 0.3890625 0.37734375 0.1765625 0.2046875
6 0.62109375 0.384375 0.1703125 0.1796875
6 0.89296875 0.37109375 0.1734375 0.1703125
6 0.6453125 0.890625 0.159375 0.196875
6 0.88046875 0.88671875 0.1703125 0.1734375
6 0.3875 0.6390625 0.1625 0.196875
2 0.1328125 0.63359375 0.1859375 0.2046875
5 0.115625 0.878125 0.1859375 0.2265625
4 0.62578125 0.6328125 0.1734375 0.2125
4 0.88671875 0.1203125 0.1734375 0.190625