4 0.9140625 0.21953125 0.171875 0.2609375
4 0.89140625 0.453125 0.2171875 0.25
4 0.290625 0.84453125 0.2609375 0.26875
4 0.4578125 0.1125 0.25625 0.225
5 0.5375 0.88125 0.23125 0.2375
6 0.7765625 0.91640625 0.25 0.1671875
6 0.64375 0.41796875 0.2296875 0.2453125
6 0.33359375 0.596875 0.24375 0.253125
6 0.81328125 0.71171875 0.24375 0.278125
6 0.69609375 0.1515625 0.24375 0.253125
6 0.40234375 0.3546875 0.240625 0.240625
6 0.14921875 0.29375 0.2578125 0.2640625
6 0.10703125 0.5296875 0.2140625 0.259375
7 0.21953125 0.08671875 0.2328125 0.1734375
5 0.5953125 0.64375 0.2421875 0.2609375
2 0.09296875 0.7859375 0.1859375 0.259375