5 0.1203125 0.12578125 0.2171875 0.2328125
5 0.3734375 0.1234375 0.221875 0.21875
6 0.3734375 0.378125 0.18125 0.21875
6 0.63671875 0.1265625 0.2140625 0.2484375
6 0.1234375 0.87734375 0.196875 0.2328125
6 0.13671875 0.625 0.1828125 0.240625
2 0.878125 0.125 0.178125 0.209375
2 0.871875 0.384375 0.2125 0.2203125
2 0.8875 0.878125 0.178125 0.221875
2 0.134375 0.3765625 0.190625 0.21875
4 0.3859375 0.6265625 0.178125 0.215625
7 0.64375 0.6359375 0.221875 0.209375
6 0.384375 0.88125 0.196875 0.2
6 0.6375 0.3828125 0.209375 0.2171875
5 0.63671875 0.8734375 0.2046875 0.209375