6 0.1515625 0.11484375 0.184375 0.2296875
5 0.6421875 0.14140625 0.175 0.2046875
5 0.61953125 0.89609375 0.1921875 0.20625
2 0.35703125 0.88515625 0.2125 0.21875
2 0.36640625 0.61484375 0.1796875 0.20625
2 0.9015625 0.40234375 0.196875 0.1953125
4 0.6421875 0.39296875 0.1796875 0.190625
4 0.621875 0.628125 0.1875 0.2
7 0.9015625 0.1390625 0.19375 0.209375
7 0.1265625 0.62578125 0.1828125 0.1890625
7 0.88125 0.8984375 0.18125 0.203125
6 0.146875 0.3625 0.1921875 0.196875
6 0.38515625 0.1234375 0.1734375 0.1953125
6 0.3875 0.371875 0.21875 0.2296875
6 0.11875 0.86015625 0.215625 0.2203125
6 0.88203125 0.65 0.2015625 0.209375