5 0.87265625 0.37578125 0.2046875 0.2390625
5 0.36640625 0.615625 0.21875 0.2171875
5 0.1171875 0.60859375 0.1859375 0.2234375
5 0.38046875 0.11171875 0.19375 0.221875
5 0.865625 0.8734375 0.18125 0.2125
5 0.87109375 0.625 0.1984375 0.2109375
5 0.61796875 0.86640625 0.20625 0.2296875
5 0.62265625 0.11796875 0.2125 0.2
5 0.1171875 0.859375 0.1984375 0.225
4 0.10703125 0.3609375 0.2125 0.2078125
4 0.365625 0.3578125 0.1859375 0.2078125
4 0.62578125 0.61328125 0.203125 0.184375
7 0.36875 0.86484375 0.2109375 0.221875
7 0.1140625 0.09921875 0.19375 0.1984375
5 0.61875 0.36171875 0.1765625 0.2125
6 0.8703125 0.1265625 0.203125 0.203125