5 0.878125 0.42109375 0.2234375 0.234375
5 0.6140625 0.6484375 0.215625 0.25
5 0.8390625 0.8953125 0.24375 0.209375
2 0.37890625 0.3703125 0.20625 0.2015625
2 0.15625 0.096875 0.2 0.19375
2 0.409375 0.1203125 0.2 0.21875
5 0.3359375 0.86328125 0.20625 0.2265625
5 0.6703125 0.1359375 0.21875 0.20625
4 0.35546875 0.62109375 0.2359375 0.221875
7 0.1 0.84296875 0.2 0.2453125
6 0.9 0.18203125 0.2 0.2390625
7 0.57265625 0.890625 0.2171875 0.21875
7 0.8625 0.66953125 0.2546875 0.259375
6 0.12265625 0.590625 0.209375 0.25
6 0.63828125 0.39453125 0.18125 0.2296875
6 0.1234375 0.3328125 0.2015625 0.225