6 0.11015625 0.82578125 0.2203125 0.2484375
6 0.59453125 0.88359375 0.2390625 0.2328125
6 0.353125 0.85078125 0.234375 0.2421875
6 0.84140625 0.9015625 0.2234375 0.196875
6 0.88515625 0.659375 0.221875 0.234375
5 0.64765625 0.38046875 0.2203125 0.2203125
5 0.61875 0.65546875 0.24375 0.2390625
5 0.12578125 0.58359375 0.2046875 0.2359375
5 0.4046875 0.12265625 0.209375 0.23125
4 0.90390625 0.41015625 0.1921875 0.2265625
4 0.14765625 0.328125 0.2390625 0.234375
4 0.1703125 0.10078125 0.209375 0.2015625
6 0.915625 0.15625 0.16875 0.21875
6 0.6875 0.1328125 0.221875 0.24375
6 0.38984375 0.3671875 0.2171875 0.2296875
4 0.375 0.6140625 0.2328125 0.228125