5 0.1265625 0.5984375 0.2125 0.225
5 0.378125 0.3578125 0.2046875 0.240625
5 0.13828125 0.11015625 0.2328125 0.2203125
2 0.628125 0.6234375 0.196875 0.1921875
2 0.86484375 0.88828125 0.190625 0.1953125
2 0.61015625 0.87421875 0.190625 0.2109375
5 0.64453125 0.12890625 0.196875 0.2171875
5 0.34921875 0.87265625 0.209375 0.196875
7 0.63828125 0.37109375 0.2265625 0.2109375
7 0.89296875 0.1359375 0.2140625 0.234375
6 0.10546875 0.8390625 0.2109375 0.2296875
7 0.40625 0.1109375 0.2078125 0.2140625
7 0.12890625 0.35 0.24375 0.2484375
6 0.871875 0.38984375 0.1984375 0.240625
6 0.3671875 0.6125 0.1703125 0.221875
6 0.88515625 0.646875 0.1921875 0.2171875