4 0.88046875 0.87109375 0.171875 0.2375
4 0.88515625 0.61484375 0.1953125 0.2375
4 0.87890625 0.3734375 0.1953125 0.2203125
7 0.875 0.1234375 0.209375 0.2421875
6 0.37109375 0.13203125 0.1953125 0.2140625
6 0.61953125 0.1203125 0.1953125 0.2234375
6 0.634375 0.3703125 0.1859375 0.2234375
6 0.640625 0.6265625 0.2171875 0.215625
6 0.38671875 0.64921875 0.2140625 0.2046875
6 0.39453125 0.890625 0.171875 0.2078125
4 0.146875 0.88984375 0.2109375 0.2078125
4 0.64453125 0.86640625 0.1984375 0.2078125
2 0.140625 0.64921875 0.1765625 0.2109375
2 0.1140625 0.14609375 0.19375 0.225
5 0.12265625 0.390625 0.215625 0.2125
5 0.371875 0.3859375 0.209375 0.21875