5 0.13203125 0.38203125 0.2015625 0.2140625
5 0.37109375 0.6359375 0.1921875 0.23125
5 0.11875 0.8734375 0.221875 0.2171875
2 0.634375 0.38359375 0.1875 0.1828125
2 0.884375 0.13125 0.18125 0.1859375
2 0.6296875 0.13203125 0.1796875 0.2015625
5 0.625 0.878125 0.1859375 0.2078125
5 0.36875 0.1203125 0.2 0.1859375
7 0.63125 0.6359375 0.215625 0.2
7 0.8859375 0.88515625 0.2265625 0.2234375
6 0.1234375 0.140625 0.2 0.21875
7 0.3859375 0.88359375 0.196875 0.2046875
7 0.121875 0.63046875 0.23125 0.2359375
6 0.865625 0.6296875 0.1859375 0.23125
6 0.3734375 0.38046875 0.159375 0.2140625
6 0.8921875 0.3734375 0.18125 0.2078125