7 0.565625 0.88671875 0.21875 0.2265625
5 0.85 0.66953125 0.2 0.2125
5 0.33984375 0.5890625 0.190625 0.221875
5 0.1359375 0.30625 0.1796875 0.2234375
5 0.38984375 0.34140625 0.209375 0.2203125
5 0.6859375 0.1390625 0.228125 0.23125
6 0.6046875 0.64765625 0.2375 0.2375
6 0.88125 0.459375 0.2125 0.228125
6 0.90625 0.18984375 0.1875 0.2453125
6 0.63671875 0.3921875 0.1921875 0.234375
6 0.43203125 0.109375 0.2171875 0.21875
6 0.19921875 0.084375 0.1953125 0.16875
6 0.815625 0.909375 0.203125 0.18125
6 0.1203125 0.56953125 0.203125 0.2171875
5 0.303125 0.840625 0.225 0.24375
5 0.08359375 0.8046875 0.1671875 0.234375