6 0.3609375 0.12734375 0.2109375 0.2203125
6 0.109375 0.15703125 0.1734375 0.2125
6 0.6609375 0.87421875 0.2296875 0.2234375
4 0.90234375 0.8640625 0.19375 0.2296875
4 0.62421875 0.37421875 0.196875 0.2390625
7 0.37578125 0.41171875 0.196875 0.221875
7 0.1359375 0.65859375 0.215625 0.2328125
7 0.37890625 0.64453125 0.234375 0.2234375
5 0.63671875 0.63125 0.215625 0.2140625
5 0.15234375 0.90234375 0.2046875 0.1953125
2 0.86875 0.353125 0.2328125 0.21875
6 0.59296875 0.12421875 0.225 0.2109375
6 0.8671875 0.115625 0.228125 0.23125
6 0.12734375 0.41640625 0.19375 0.203125
2 0.41015625 0.88203125 0.196875 0.23125
6 0.89453125 0.6046875 0.2109375 0.21875