5 0.103125 0.18984375 0.20625 0.2546875
5 0.12265625 0.44296875 0.2125 0.234375
5 0.1515625 0.678125 0.2109375 0.228125
5 0.33515625 0.16015625 0.225 0.2296875
6 0.36328125 0.3984375 0.2265625 0.2375
6 0.4125 0.6390625 0.2484375 0.2390625
6 0.621875 0.3625 0.240625 0.2234375
6 0.57890625 0.1140625 0.2140625 0.228125
6 0.6609375 0.60390625 0.2015625 0.221875
6 0.890625 0.57421875 0.21875 0.2234375
5 0.68671875 0.8703125 0.240625 0.23125
5 0.90625 0.81796875 0.1875 0.2484375
2 0.19453125 0.91171875 0.2421875 0.1765625
7 0.86328125 0.328125 0.225 0.2359375
2 0.44765625 0.89765625 0.2171875 0.2046875
2 0.81484375 0.09921875 0.2390625 0.1984375