6 0.125 0.125 0.1859375 0.221875
6 0.36875 0.1296875 0.178125 0.209375
6 0.86875 0.128125 0.178125 0.2078125
5 0.6296875 0.1375 0.165625 0.190625
5 0.1328125 0.378125 0.16875 0.1859375
5 0.634375 0.64921875 0.165625 0.1734375
5 0.1171875 0.8671875 0.15 0.221875
7 0.37421875 0.37734375 0.1703125 0.2140625
7 0.384375 0.62109375 0.1796875 0.1921875
6 0.88125 0.625 0.15625 0.1953125
2 0.621875 0.3765625 0.1875 0.1953125
2 0.875 0.3796875 0.159375 0.1859375
2 0.134375 0.6328125 0.1875 0.196875
4 0.38671875 0.87421875 0.1515625 0.2015625
4 0.884375 0.8734375 0.1640625 0.2078125
6 0.6328125 0.87734375 0.1875 0.2015625