6 0.134375 0.12890625 0.1875 0.2046875
6 0.634375 0.1328125 0.1875 0.196875
6 0.88125 0.12734375 0.1546875 0.2015625
6 0.884375 0.378125 0.178125 0.2265625
6 0.13671875 0.88671875 0.1515625 0.2140625
6 0.3734375 0.6328125 0.165625 0.190625
6 0.3828125 0.88046875 0.1875 0.2234375
7 0.38203125 0.1390625 0.1734375 0.196875
7 0.634375 0.378125 0.159375 0.1875
4 0.13828125 0.628125 0.1734375 0.190625
4 0.8890625 0.8921875 0.165625 0.1953125
5 0.13125 0.3765625 0.1953125 0.2171875
5 0.884375 0.6375 0.190625 0.209375
5 0.3890625 0.38203125 0.18125 0.2046875
5 0.634375 0.6375 0.1875 0.2
6 0.6265625 0.8859375 0.184375 0.1765625