6 0.8171875 0.903125 0.203125 0.19375
6 0.58046875 0.884375 0.1796875 0.2171875
6 0.32734375 0.86796875 0.1796875 0.2
6 0.9109375 0.16796875 0.175 0.2265625
6 0.8796875 0.40546875 0.175 0.178125
6 0.63359375 0.36328125 0.178125 0.196875
7 0.08203125 0.8328125 0.1640625 0.2125
7 0.8546875 0.66328125 0.190625 0.2140625
6 0.384375 0.3390625 0.18125 0.209375
5 0.6109375 0.63359375 0.2 0.20625
5 0.66875 0.13359375 0.1703125 0.1859375
4 0.4140625 0.090625 0.19375 0.18125
7 0.1796875 0.0890625 0.171875 0.178125
4 0.13828125 0.328125 0.1796875 0.2296875
2 0.11328125 0.571875 0.2109375 0.203125
2 0.3484375 0.60390625 0.2046875 0.2375