4 0.89453125 0.14453125 0.2109375 0.2328125
4 0.8828125 0.384375 0.196875 0.2234375
4 0.35390625 0.87578125 0.2265625 0.2375
4 0.3890625 0.1125 0.2265625 0.21875
5 0.60703125 0.88125 0.1953125 0.2375
6 0.853125 0.89609375 0.21875 0.2078125
6 0.62734375 0.39375 0.1984375 0.2171875
6 0.35234375 0.62421875 0.2109375 0.225
6 0.8453125 0.65390625 0.2078125 0.25
6 0.63203125 0.12265625 0.2109375 0.225
6 0.378125 0.37421875 0.2109375 0.2125
6 0.11875 0.3578125 0.225 0.2328125
6 0.10546875 0.6 0.20625 0.23125
7 0.14453125 0.1078125 0.2015625 0.215625
5 0.61875 0.625 0.2078125 0.23125
2 0.11328125 0.859375 0.2265625 0.225