7 0.09921875 0.85234375 0.1984375 0.2203125
7 0.65625 0.12109375 0.2109375 0.221875
5 0.12109375 0.5953125 0.184375 0.2203125
5 0.38671875 0.37265625 0.203125 0.209375
5 0.86875 0.63671875 0.196875 0.2203125
5 0.903125 0.13515625 0.19375 0.203125
4 0.8796875 0.3921875 0.1859375 0.1890625
4 0.15625 0.33984375 0.215625 0.2296875
4 0.4046875 0.1078125 0.2046875 0.209375
2 0.15625 0.1 0.209375 0.2
6 0.35625 0.85703125 0.190625 0.2171875
6 0.38125 0.6140625 0.184375 0.2078125
6 0.62109375 0.62890625 0.209375 0.2125
6 0.59609375 0.8734375 0.1984375 0.221875
6 0.840625 0.88203125 0.21875 0.215625
6 0.63359375 0.39375 0.20625 0.23125