6 0.66484375 0.86171875 0.2234375 0.2328125
6 0.91015625 0.8140625 0.1796875 0.221875
6 0.31328125 0.13828125 0.2421875 0.2375
4 0.08828125 0.1640625 0.1765625 0.240625
4 0.38515625 0.634375 0.2109375 0.25
7 0.63046875 0.5796875 0.2109375 0.2328125
7 0.85234375 0.31640625 0.2296875 0.2453125
7 0.6109375 0.346875 0.246875 0.2359375
5 0.3546875 0.378125 0.228125 0.2265625
5 0.815625 0.0890625 0.21875 0.178125
2 0.1421875 0.67265625 0.2453125 0.2328125
6 0.43359375 0.88203125 0.2375 0.225
6 0.159375 0.89296875 0.240625 0.2140625
6 0.87734375 0.5578125 0.20625 0.2140625
2 0.56328125 0.11640625 0.2109375 0.2328125
6 0.10546875 0.42265625 0.2109375 0.2328125