6 0.134375 0.1328125 0.21875 0.228125
6 0.1359375 0.37421875 0.190625 0.2234375
5 0.3734375 0.1296875 0.18125 0.209375
5 0.87734375 0.1359375 0.2140625 0.228125
5 0.8765625 0.39375 0.196875 0.196875
5 0.634375 0.8890625 0.190625 0.2125
7 0.8765625 0.88203125 0.215625 0.1703125
7 0.3765625 0.38125 0.1953125 0.2125
7 0.625 0.63671875 0.2125 0.2359375
2 0.63515625 0.3734375 0.2046875 0.21875
2 0.628125 0.13125 0.21875 0.221875
2 0.8796875 0.6234375 0.196875 0.190625
2 0.1296875 0.884375 0.19375 0.2125
6 0.3828125 0.6359375 0.2078125 0.215625
4 0.13125 0.63125 0.221875 0.215625
2 0.39296875 0.8796875 0.2046875 0.209375