6 0.1234375 0.13828125 0.196875 0.2015625
6 0.86640625 0.38671875 0.1734375 0.2046875
6 0.86875 0.6234375 0.1640625 0.2
6 0.88125 0.89375 0.15 0.1953125
6 0.37265625 0.88828125 0.2015625 0.2140625
6 0.121875 0.378125 0.1859375 0.228125
7 0.13125 0.88125 0.1640625 0.2171875
4 0.12265625 0.6203125 0.1734375 0.2
4 0.3734375 0.60859375 0.18125 0.2234375
5 0.375 0.13828125 0.165625 0.2140625
5 0.865625 0.12890625 0.146875 0.2046875
5 0.634375 0.1421875 0.178125 0.2171875
5 0.6296875 0.88203125 0.2 0.2234375
6 0.378125 0.37265625 0.1765625 0.1828125
6 0.6203125 0.37890625 0.1796875 0.1921875
6 0.6421875 0.6328125 0.184375 0.2125