7 0.3203125 0.85234375 0.20625 0.228125
7 0.42265625 0.1078125 0.2078125 0.215625
2 0.8859375 0.4125 0.20625 0.221875
2 0.57734375 0.87890625 0.2109375 0.2421875
6 0.1 0.82890625 0.2 0.2171875
6 0.1234375 0.5890625 0.2171875 0.240625
6 0.375 0.60859375 0.2 0.225
6 0.60625 0.6296875 0.190625 0.1984375
6 0.87421875 0.67578125 0.1921875 0.190625
6 0.6921875 0.1296875 0.1828125 0.2140625
6 0.91484375 0.16171875 0.1703125 0.1921875
6 0.40546875 0.3484375 0.1859375 0.215625
2 0.1515625 0.32265625 0.209375 0.2265625
5 0.1640625 0.10078125 0.2125 0.2015625
4 0.64140625 0.38359375 0.1984375 0.2328125
4 0.83671875 0.909375 0.1953125 0.18125