5 0.10546875 0.14375 0.2109375 0.2375
5 0.6171875 0.11484375 0.190625 0.2296875
5 0.62890625 0.36640625 0.20625 0.2359375
5 0.88984375 0.6015625 0.1890625 0.2265625
5 0.1359375 0.62421875 0.2015625 0.2171875
5 0.3890625 0.62421875 0.2015625 0.2109375
2 0.1328125 0.38828125 0.196875 0.2234375
7 0.16171875 0.87734375 0.2015625 0.2171875
5 0.6453125 0.6078125 0.1921875 0.21875
5 0.90078125 0.840625 0.19375 0.23125
4 0.3828125 0.12578125 0.19375 0.221875
5 0.84921875 0.1109375 0.1578125 0.2078125
4 0.8734375 0.35078125 0.19375 0.2375
6 0.38671875 0.37109375 0.2203125 0.21875
6 0.403125 0.88203125 0.184375 0.2265625
6 0.6578125 0.86015625 0.234375 0.24375