6 0.13125 0.1296875 0.1875 0.228125
6 0.87890625 0.1265625 0.2046875 0.2484375
6 0.128125 0.8828125 0.2078125 0.209375
7 0.8890625 0.3796875 0.2171875 0.2
7 0.6375 0.390625 0.196875 0.1953125
7 0.6390625 0.1296875 0.2 0.2125
7 0.3796875 0.884375 0.1875 0.209375
7 0.13046875 0.64296875 0.2015625 0.2015625
5 0.37421875 0.6296875 0.2140625 0.2
6 0.39375 0.12421875 0.209375 0.2140625
6 0.1359375 0.3765625 0.2 0.2265625
2 0.38203125 0.3859375 0.2046875 0.209375
2 0.88828125 0.63359375 0.1921875 0.2046875
4 0.8859375 0.8890625 0.1796875 0.209375
6 0.63203125 0.6296875 0.2140625 0.221875
6 0.634375 0.87734375 0.209375 0.2359375