5 0.85546875 0.89765625 0.2109375 0.2046875
5 0.34765625 0.86328125 0.1953125 0.2171875
5 0.390625 0.10625 0.20625 0.2125
5 0.1109375 0.5921875 0.2046875 0.2078125
5 0.59609375 0.884375 0.1953125 0.1984375
7 0.0953125 0.83203125 0.190625 0.2171875
7 0.86875 0.38984375 0.1953125 0.2078125
6 0.8546875 0.6390625 0.1875 0.2078125
6 0.3828125 0.34296875 0.190625 0.2078125
6 0.6390625 0.12890625 0.190625 0.2125
6 0.89609375 0.14375 0.1796875 0.2109375
4 0.13984375 0.1 0.1953125 0.2
4 0.353125 0.6015625 0.190625 0.2140625
4 0.61015625 0.37890625 0.2109375 0.221875
2 0.60234375 0.628125 0.1953125 0.225
2 0.12890625 0.334375 0.1875 0.2109375