5 0.61875 0.8734375 0.1875 0.2171875
5 0.6234375 0.3578125 0.1953125 0.2
5 0.6265625 0.115625 0.2125 0.21875
7 0.12734375 0.6359375 0.1828125 0.2125
7 0.85859375 0.3828125 0.2140625 0.209375
5 0.3625 0.865625 0.190625 0.2171875
5 0.8578125 0.62265625 0.190625 0.2140625
5 0.865625 0.1140625 0.1953125 0.184375
7 0.61328125 0.6109375 0.1828125 0.2078125
7 0.37890625 0.35390625 0.1734375 0.2140625
6 0.3640625 0.115625 0.190625 0.209375
6 0.13671875 0.10625 0.2078125 0.2125
6 0.10703125 0.36796875 0.2140625 0.2015625
6 0.86796875 0.8765625 0.2015625 0.2078125
6 0.371875 0.6203125 0.2 0.225
6 0.10234375 0.86953125 0.2015625 0.2140625