6 0.88046875 0.14296875 0.18125 0.234375
5 0.3890625 0.13046875 0.171875 0.203125
5 0.346875 0.88359375 0.1890625 0.203125
2 0.6078125 0.89453125 0.209375 0.2109375
2 0.62265625 0.6265625 0.1765625 0.203125
2 0.1078125 0.3671875 0.19375 0.1921875
4 0.3671875 0.38125 0.1765625 0.1875
4 0.36796875 0.6171875 0.184375 0.196875
7 0.13125 0.10546875 0.1890625 0.20625
7 0.8609375 0.6578125 0.1796875 0.1859375
7 0.08671875 0.86953125 0.1734375 0.2109375
6 0.8640625 0.39375 0.1890625 0.19375
6 0.646875 0.134375 0.1703125 0.19375
6 0.62265625 0.38203125 0.215625 0.2265625
6 0.8484375 0.8921875 0.2125 0.215625
6 0.10703125 0.61640625 0.196875 0.20625