2 0.13203125 0.1234375 0.2140625 0.24375
6 0.634375 0.121875 0.2125 0.2390625
6 0.87734375 0.1265625 0.2140625 0.221875
6 0.3875 0.88125 0.228125 0.2171875
6 0.634375 0.88125 0.2125 0.23125
5 0.3734375 0.1265625 0.178125 0.2171875
5 0.125 0.378125 0.2125 0.221875
5 0.88125 0.871875 0.18125 0.2171875
4 0.13203125 0.634375 0.2046875 0.2125
4 0.37734375 0.6296875 0.2046875 0.209375
4 0.375 0.38125 0.159375 0.1859375
5 0.88359375 0.6359375 0.1734375 0.215625
7 0.63671875 0.63984375 0.2046875 0.2046875
7 0.884375 0.37578125 0.2125 0.2046875
7 0.640625 0.38125 0.221875 0.21875
6 0.134375 0.88671875 0.18125 0.2140625