2 0.0953125 0.20703125 0.190625 0.2828125
6 0.55234375 0.1203125 0.2578125 0.240625
6 0.790625 0.09296875 0.25625 0.1859375
6 0.46875 0.8828125 0.26875 0.234375
6 0.7109375 0.8453125 0.25625 0.2703125
5 0.2984375 0.1609375 0.21875 0.25
5 0.1171875 0.45859375 0.234375 0.2609375
5 0.91953125 0.784375 0.1609375 0.25
4 0.16796875 0.7078125 0.24375 0.25
4 0.40703125 0.65234375 0.24375 0.246875
4 0.353125 0.41015625 0.1953125 0.215625
5 0.89765625 0.553125 0.2046875 0.246875
7 0.6625 0.60859375 0.2421875 0.2421875
7 0.85 0.2984375 0.25 0.24375
7 0.6125 0.3546875 0.2625 0.259375
6 0.221875 0.91484375 0.221875 0.1703125