5 0.3609375 0.13984375 0.2328125 0.2375
5 0.1265625 0.40546875 0.1921875 0.2046875
5 0.6234375 0.378125 0.20625 0.209375
5 0.6546875 0.8828125 0.2 0.2046875
2 0.12890625 0.63671875 0.1984375 0.2375
2 0.390625 0.6375 0.2125 0.21875
2 0.38046875 0.396875 0.2046875 0.190625
2 0.6078125 0.1234375 0.215625 0.2203125
6 0.884375 0.3640625 0.2015625 0.209375
6 0.90625 0.8515625 0.1875 0.1921875
6 0.8578125 0.12265625 0.225 0.2296875
4 0.1109375 0.15078125 0.1984375 0.21875
7 0.14921875 0.88828125 0.2109375 0.2234375
7 0.39609375 0.884375 0.2296875 0.23125
5 0.8890625 0.60703125 0.1984375 0.2234375
6 0.6375 0.609375 0.25 0.2265625