5 0.115625 0.1234375 0.1484375 0.1859375
5 0.61484375 0.37734375 0.190625 0.203125
5 0.37421875 0.62890625 0.1890625 0.1875
5 0.63359375 0.634375 0.1796875 0.2078125
5 0.375 0.38203125 0.1765625 0.19375
7 0.1453125 0.89609375 0.18125 0.2078125
7 0.36875 0.13828125 0.203125 0.1984375
4 0.60703125 0.13203125 0.1640625 0.1953125
4 0.12578125 0.36875 0.2 0.1984375
6 0.13828125 0.64609375 0.1796875 0.2078125
6 0.384375 0.88515625 0.1953125 0.2
6 0.6296875 0.87578125 0.1625 0.21875
6 0.89140625 0.609375 0.1671875 0.2046875
6 0.884375 0.88046875 0.1734375 0.184375
6 0.8671875 0.1328125 0.171875 0.18125
6 0.88359375 0.37421875 0.1671875 0.2125