7 0.1234375 0.1203125 0.1875 0.2078125
7 0.6296875 0.8890625 0.196875 0.209375
5 0.12890625 0.378125 0.1703125 0.209375
5 0.378125 0.61875 0.190625 0.196875
5 0.87734375 0.3890625 0.1828125 0.2078125
5 0.8765625 0.8921875 0.18125 0.190625
4 0.87109375 0.634375 0.1734375 0.178125
4 0.14609375 0.6359375 0.2015625 0.215625
4 0.37734375 0.884375 0.1921875 0.196875
2 0.1296875 0.878125 0.196875 0.1953125
6 0.38125 0.13359375 0.1765625 0.2046875
6 0.38984375 0.378125 0.1703125 0.196875
6 0.6296875 0.3796875 0.1953125 0.2
6 0.621875 0.134375 0.184375 0.209375
6 0.86640625 0.14296875 0.2046875 0.2015625
6 0.62578125 0.615625 0.1921875 0.21875