5 0.5375 0.88203125 0.228125 0.2359375
5 0.65 0.38671875 0.2328125 0.2359375
5 0.70390625 0.15 0.253125 0.2578125
7 0.109375 0.55546875 0.21875 0.2453125
7 0.87421875 0.459375 0.2515625 0.25
5 0.28984375 0.82890625 0.23125 0.2515625
5 0.82421875 0.69453125 0.23125 0.2484375
5 0.9109375 0.19765625 0.178125 0.2203125
7 0.5875 0.63203125 0.221875 0.240625
7 0.41171875 0.33203125 0.2140625 0.2453125
6 0.44609375 0.10859375 0.2296875 0.2171875
6 0.2265625 0.08203125 0.246875 0.1640625
6 0.14296875 0.2890625 0.2515625 0.2421875
6 0.78125 0.9109375 0.240625 0.178125
6 0.35 0.59140625 0.2421875 0.2609375
6 0.07734375 0.77890625 0.1546875 0.2515625