5 0.11875 0.53203125 0.2375 0.2546875
5 0.4046875 0.33828125 0.2390625 0.26875
5 0.2125 0.08984375 0.265625 0.1796875
2 0.6046875 0.64375 0.2234375 0.2203125
2 0.790625 0.9171875 0.21875 0.165625
2 0.54296875 0.884375 0.2203125 0.23125
5 0.70703125 0.159375 0.228125 0.24375
5 0.28671875 0.840625 0.2359375 0.2265625
4 0.65859375 0.396875 0.2546875 0.24375
7 0.91328125 0.2109375 0.1734375 0.26875
6 0.08671875 0.76484375 0.1734375 0.2578125
7 0.475 0.1109375 0.2375 0.221875
7 0.1609375 0.2875 0.278125 0.28125
6 0.884375 0.45546875 0.23125 0.2671875
6 0.35 0.58828125 0.203125 0.24375
6 0.85390625 0.71171875 0.2234375 0.24375