5 0.1296875 0.63046875 0.2 0.2359375
5 0.63125 0.38203125 0.215625 0.2140625
5 0.88046875 0.384375 0.1828125 0.2203125
5 0.6265625 0.8859375 0.190625 0.21875
5 0.128125 0.1328125 0.178125 0.209375
5 0.1265625 0.38125 0.1953125 0.2078125
5 0.37578125 0.1359375 0.2015625 0.2265625
5 0.384375 0.884375 0.209375 0.196875
5 0.8765625 0.134375 0.1953125 0.221875
4 0.8953125 0.63203125 0.209375 0.2046875
4 0.63671875 0.63984375 0.1828125 0.2046875
4 0.371875 0.3890625 0.2 0.18125
7 0.625 0.1328125 0.2078125 0.21875
7 0.8921875 0.8953125 0.190625 0.2
5 0.38359375 0.640625 0.1734375 0.209375
6 0.1359375 0.8796875 0.2 0.2