6 0.83671875 0.10546875 0.2171875 0.2109375
6 0.1234375 0.42578125 0.19375 0.221875
6 0.14609375 0.6609375 0.184375 0.215625
6 0.16171875 0.91328125 0.1703125 0.1734375
6 0.6671875 0.87265625 0.2234375 0.234375
6 0.86328125 0.3390625 0.209375 0.246875
7 0.90625 0.840625 0.1859375 0.2328125
4 0.8875 0.58046875 0.19375 0.2171875
4 0.6375 0.59453125 0.203125 0.240625
5 0.58671875 0.12734375 0.1875 0.2296875
5 0.09765625 0.16953125 0.1671875 0.21875
5 0.32890625 0.1578125 0.2 0.234375
5 0.4109375 0.8859375 0.221875 0.228125
6 0.6078125 0.3609375 0.1953125 0.2
6 0.36796875 0.3921875 0.1984375 0.209375
6 0.37265625 0.646875 0.20625 0.23125