4 0.91640625 0.2421875 0.1671875 0.221875
4 0.221875 0.0828125 0.234375 0.165625
7 0.83515625 0.72890625 0.2265625 0.2390625
7 0.37890625 0.34609375 0.2234375 0.23125
7 0.06796875 0.778125 0.1359375 0.225
7 0.50390625 0.87578125 0.2265625 0.2484375
5 0.7 0.16171875 0.2109375 0.25
5 0.465625 0.11328125 0.20625 0.2265625
2 0.6203125 0.42421875 0.209375 0.2359375
2 0.15859375 0.284375 0.2109375 0.2234375
6 0.8734375 0.4796875 0.2125 0.21875
6 0.575 0.65625 0.221875 0.2421875
6 0.34921875 0.60234375 0.20625 0.2296875
6 0.09921875 0.53671875 0.1984375 0.2359375
6 0.27578125 0.83203125 0.2328125 0.2359375
6 0.74375 0.92109375 0.23125 0.1578125