2 0.1390625 0.375 0.1953125 0.2125
2 0.8859375 0.88671875 0.21875 0.2015625
2 0.390625 0.375 0.2171875 0.2125
4 0.3796875 0.61875 0.2171875 0.228125
4 0.1390625 0.13046875 0.178125 0.2015625
2 0.878125 0.12734375 0.2078125 0.2234375
4 0.38359375 0.1234375 0.2046875 0.2078125
4 0.1375 0.6171875 0.21875 0.2265625
5 0.6359375 0.646875 0.2078125 0.221875
4 0.62109375 0.1140625 0.1828125 0.2078125
6 0.640625 0.36875 0.1875 0.2109375
6 0.88125 0.384375 0.221875 0.209375
6 0.13671875 0.8734375 0.1921875 0.240625
7 0.8859375 0.63359375 0.1953125 0.1921875
7 0.6359375 0.8796875 0.190625 0.221875
4 0.37734375 0.875 0.2140625 0.21875