6 0.13203125 0.1296875 0.1734375 0.228125
5 0.6234375 0.134375 0.165625 0.196875
5 0.63984375 0.8890625 0.1828125 0.196875
2 0.37734375 0.8921875 0.2015625 0.2078125
2 0.37265625 0.621875 0.1703125 0.196875
2 0.896875 0.38125 0.1875 0.1859375
4 0.63671875 0.3859375 0.1703125 0.18125
4 0.628125 0.621875 0.178125 0.190625
7 0.88203125 0.11875 0.1828125 0.2
7 0.13359375 0.6453125 0.1734375 0.1796875
7 0.90234375 0.88359375 0.1703125 0.2046875
6 0.13984375 0.38125 0.1828125 0.1875
6 0.365625 0.1296875 0.1640625 0.1875
6 0.38125 0.378125 0.2078125 0.21875
6 0.13828125 0.8796875 0.2046875 0.209375
6 0.8890625 0.6296875 0.190625 0.2