5 0.90859375 0.79921875 0.1828125 0.2421875
5 0.43046875 0.88671875 0.2015625 0.2265625
5 0.8859375 0.56796875 0.225 0.23125
5 0.0734375 0.1921875 0.146875 0.240625
6 0.6734375 0.8546875 0.2328125 0.253125
6 0.1984375 0.9140625 0.228125 0.171875
6 0.62265625 0.609375 0.2203125 0.234375
6 0.09453125 0.43671875 0.1890625 0.2171875
6 0.54453125 0.1109375 0.2359375 0.221875
2 0.78125 0.09296875 0.246875 0.1859375
2 0.13046875 0.6921875 0.2234375 0.2296875
4 0.8515625 0.31171875 0.1984375 0.2
4 0.59765625 0.3515625 0.2140625 0.203125
7 0.3171875 0.1453125 0.2 0.221875
7 0.3453125 0.40546875 0.215625 0.225
7 0.38046875 0.63828125 0.2171875 0.2453125