6 0.890625 0.84453125 0.2015625 0.2171875
6 0.39140625 0.87578125 0.2 0.209375
6 0.1453125 0.89609375 0.16875 0.2078125
6 0.125 0.6484375 0.19375 0.2390625
6 0.834375 0.1 0.165625 0.2
6 0.6171875 0.35859375 0.178125 0.2015625
6 0.590625 0.11484375 0.203125 0.2296875
7 0.64296875 0.8515625 0.1875 0.2078125
7 0.37421875 0.63125 0.171875 0.1984375
4 0.8515625 0.346875 0.1859375 0.2015625
4 0.08671875 0.1359375 0.1734375 0.20625
5 0.8765625 0.59765625 0.209375 0.2296875
5 0.10703125 0.38984375 0.2046875 0.221875
5 0.61875 0.61015625 0.1953125 0.2171875
5 0.35625 0.371875 0.2015625 0.2125
6 0.346875 0.12421875 0.196875 0.1890625