5 0.478125 0.12578125 0.24375 0.2515625
5 0.2359375 0.08359375 0.234375 0.1671875
5 0.92109375 0.2375 0.1578125 0.240625
5 0.159375 0.28984375 0.253125 0.259375
5 0.10703125 0.52890625 0.2140625 0.2515625
5 0.51796875 0.8890625 0.2546875 0.221875
7 0.409375 0.3484375 0.25625 0.2609375
7 0.56875 0.64453125 0.215625 0.234375
7 0.6328125 0.42265625 0.2546875 0.2625
6 0.87578125 0.47265625 0.2484375 0.2546875
6 0.2671875 0.84921875 0.2421875 0.2484375
4 0.3234375 0.6046875 0.2703125 0.275
2 0.06953125 0.7546875 0.1390625 0.21875
6 0.76796875 0.91875 0.2421875 0.1625
5 0.82421875 0.72734375 0.2484375 0.2734375
6 0.71171875 0.1796875 0.2296875 0.265625