4 0.8984375 0.19140625 0.203125 0.2671875
4 0.8890625 0.43203125 0.2125 0.25625
4 0.1703125 0.0984375 0.24375 0.196875
5 0.64921875 0.4 0.2546875 0.2453125
7 0.1390625 0.32890625 0.2328125 0.246875
4 0.56640625 0.88203125 0.2453125 0.2359375
2 0.43125 0.11953125 0.20625 0.2390625
7 0.10625 0.5734375 0.2125 0.253125
4 0.80390625 0.90625 0.2171875 0.1875
6 0.3546875 0.6046875 0.2234375 0.2421875
6 0.31171875 0.8609375 0.23125 0.24375
2 0.08828125 0.81953125 0.1765625 0.2296875
6 0.8484375 0.68515625 0.215625 0.2265625
6 0.6046875 0.65234375 0.23125 0.2375
5 0.68046875 0.15546875 0.2375 0.25625