4 0.91328125 0.77265625 0.1734375 0.2171875
4 0.20703125 0.91328125 0.2296875 0.1734375
7 0.84296875 0.2828125 0.2203125 0.2359375
7 0.3734375 0.65 0.2171875 0.2265625
7 0.071875 0.20546875 0.14375 0.2203125
7 0.5171875 0.1234375 0.21875 0.246875
5 0.68828125 0.8453125 0.2046875 0.246875
5 0.453125 0.88671875 0.2015625 0.2265625
2 0.6171875 0.5796875 0.2046875 0.23125
2 0.15078125 0.70390625 0.20625 0.21875
6 0.871875 0.53359375 0.2078125 0.215625
6 0.58046875 0.34609375 0.2171875 0.2375
6 0.35234375 0.3921875 0.2015625 0.225
6 0.0984375 0.4484375 0.196875 0.23125
6 0.2875 0.16015625 0.2265625 0.23125
6 0.75859375 0.08203125 0.2265625 0.1640625