7 0.1234375 0.3734375 0.2125 0.228125
5 0.634375 0.62421875 0.2 0.2234375
5 0.3828125 0.884375 0.1875 0.23125
7 0.37578125 0.3828125 0.2046875 0.21875
4 0.8921875 0.38125 0.196875 0.209375
4 0.89609375 0.625 0.1828125 0.1953125
2 0.8953125 0.13125 0.1953125 0.209375
6 0.11640625 0.128125 0.2046875 0.209375
6 0.365625 0.1234375 0.2 0.2
6 0.62890625 0.13203125 0.2328125 0.2140625
6 0.6359375 0.3703125 0.2078125 0.2078125
6 0.12578125 0.63984375 0.1921875 0.1828125
6 0.1546875 0.8859375 0.18125 0.209375
6 0.3828125 0.634375 0.2265625 0.190625
6 0.6359375 0.88046875 0.178125 0.2046875
6 0.8765625 0.871875 0.209375 0.2171875