4 0.82734375 0.10625 0.2734375 0.2125
4 0.6125 0.35703125 0.2390625 0.2421875
4 0.859375 0.3203125 0.25 0.2515625
6 0.32421875 0.1453125 0.253125 0.2546875
6 0.10546875 0.17109375 0.2109375 0.2546875
6 0.38828125 0.64296875 0.2 0.215625
6 0.11328125 0.42734375 0.2265625 0.2265625
6 0.5734375 0.1203125 0.2125 0.240625
5 0.14296875 0.67890625 0.2296875 0.2203125
4 0.36015625 0.41015625 0.25 0.2171875
2 0.91015625 0.84453125 0.1796875 0.2015625
5 0.62734375 0.60546875 0.2265625 0.21875
6 0.66796875 0.86796875 0.2234375 0.2484375
6 0.42578125 0.88828125 0.2203125 0.2234375
7 0.1515625 0.91328125 0.221875 0.1734375
2 0.87578125 0.59609375 0.2484375 0.2359375