2 0.634375 0.38125 0.2125 0.2265625
5 0.38046875 0.63515625 0.1921875 0.2234375
5 0.63359375 0.634375 0.2015625 0.2125
4 0.628125 0.8796875 0.16875 0.221875
4 0.88046875 0.884375 0.1828125 0.1953125
5 0.140625 0.88125 0.1765625 0.1953125
5 0.125 0.13671875 0.134375 0.2046875
5 0.3703125 0.1453125 0.178125 0.2
4 0.62734375 0.13984375 0.1828125 0.1921875
7 0.1390625 0.384375 0.18125 0.1890625
6 0.37265625 0.3828125 0.1734375 0.2
6 0.878125 0.390625 0.165625 0.190625
6 0.1328125 0.6265625 0.178125 0.215625
6 0.3828125 0.884375 0.1546875 0.2
6 0.890625 0.140625 0.165625 0.2078125
6 0.890625 0.634375 0.1640625 0.2