4 0.2296875 0.0953125 0.26875 0.190625
4 0.16875 0.28515625 0.228125 0.2671875
4 0.9203125 0.23828125 0.159375 0.2578125
5 0.4015625 0.35 0.26875 0.2609375
7 0.8875 0.48359375 0.225 0.2609375
4 0.2859375 0.834375 0.259375 0.2671875
2 0.7125 0.17421875 0.221875 0.2546875
7 0.8375 0.72265625 0.2375 0.265625
4 0.0828125 0.77890625 0.165625 0.2515625
6 0.59296875 0.653125 0.2375 0.2546875
6 0.5328125 0.88828125 0.246875 0.2234375
2 0.78125 0.921875 0.25 0.15625
6 0.11015625 0.53359375 0.2203125 0.2390625
6 0.34375 0.59921875 0.2453125 0.25
5 0.46875 0.1234375 0.253125 0.246875