5 0.6015625 0.6421875 0.253125 0.25
5 0.3 0.825 0.2328125 0.246875
5 0.17421875 0.28828125 0.225 0.2234375
7 0.85625 0.69375 0.246875 0.259375
7 0.23984375 0.0828125 0.2296875 0.165625
7 0.08515625 0.7578125 0.1703125 0.240625
5 0.11875 0.5328125 0.2375 0.24375
7 0.41953125 0.35234375 0.2390625 0.2421875
7 0.66171875 0.40625 0.23125 0.2328125
2 0.8890625 0.44921875 0.221875 0.2109375
4 0.48671875 0.1234375 0.2578125 0.246875
6 0.36875 0.59453125 0.203125 0.2328125
6 0.7765625 0.91328125 0.203125 0.1734375
6 0.92265625 0.2140625 0.1546875 0.25
6 0.721875 0.1640625 0.2625 0.2765625
2 0.534375 0.88671875 0.246875 0.2265625