6 0.175 0.8890625 0.240625 0.221875
6 0.15078125 0.66328125 0.2125 0.2421875
5 0.4125 0.88125 0.2015625 0.2265625
5 0.896875 0.821875 0.20625 0.25
5 0.8859375 0.56640625 0.215625 0.215625
5 0.5921875 0.10703125 0.2125 0.2140625
7 0.83359375 0.08828125 0.2328125 0.1765625
7 0.38984375 0.63125 0.2171875 0.23125
7 0.61015625 0.35078125 0.2359375 0.25625
2 0.64765625 0.61171875 0.2265625 0.2390625
2 0.665625 0.853125 0.240625 0.24375
2 0.86484375 0.3375 0.215625 0.2109375
2 0.09921875 0.15625 0.1984375 0.23125
6 0.36953125 0.37734375 0.2296875 0.2359375
4 0.1203125 0.4078125 0.240625 0.2375
2 0.35390625 0.13359375 0.225 0.2296875