6 0.090625 0.7921875 0.18125 0.259375
6 0.80078125 0.8984375 0.2484375 0.203125
6 0.2078125 0.0875 0.24375 0.175
7 0.85859375 0.6921875 0.2515625 0.2375
7 0.6140625 0.63359375 0.23125 0.2296875
7 0.565625 0.8828125 0.2375 0.234375
7 0.45546875 0.11015625 0.2234375 0.2203125
7 0.16484375 0.2890625 0.2359375 0.2359375
5 0.4015625 0.3484375 0.2484375 0.2375
6 0.32421875 0.8484375 0.246875 0.25
6 0.11875 0.55078125 0.2375 0.2609375
2 0.3625 0.58984375 0.240625 0.2453125
2 0.89609375 0.4421875 0.2078125 0.2375
4 0.92265625 0.19140625 0.1546875 0.2390625
6 0.6546875 0.39765625 0.253125 0.259375
6 0.70390625 0.15546875 0.25 0.271875