5 0.5875 0.64609375 0.2734375 0.2609375
5 0.33671875 0.58984375 0.259375 0.2578125
5 0.7015625 0.15078125 0.253125 0.253125
5 0.88125 0.46171875 0.2375 0.2578125
5 0.82890625 0.7046875 0.240625 0.25
4 0.28515625 0.82734375 0.2546875 0.2578125
4 0.11484375 0.534375 0.2296875 0.26875
4 0.46328125 0.10859375 0.2453125 0.2171875
2 0.2109375 0.0875 0.23125 0.175
2 0.51875 0.8859375 0.24375 0.228125
2 0.08515625 0.7625 0.1703125 0.253125
6 0.77109375 0.9 0.2296875 0.2
6 0.653125 0.40625 0.2125 0.2328125
6 0.41015625 0.32421875 0.265625 0.26875
6 0.1734375 0.278125 0.2265625 0.259375
6 0.9203125 0.20859375 0.159375 0.2234375