5 0.8203125 0.89453125 0.253125 0.2109375
5 0.846875 0.659375 0.2046875 0.2296875
5 0.88359375 0.425 0.2046875 0.221875
5 0.56484375 0.87265625 0.21875 0.2234375
6 0.603125 0.63515625 0.2203125 0.23125
6 0.621875 0.390625 0.2421875 0.2328125
6 0.34453125 0.5984375 0.234375 0.2171875
6 0.31640625 0.85234375 0.2078125 0.228125
6 0.3734375 0.35546875 0.196875 0.2171875
6 0.14296875 0.31953125 0.2171875 0.2171875
5 0.42265625 0.10234375 0.2359375 0.2046875
5 0.16875 0.096875 0.2375 0.19375
2 0.8984375 0.15859375 0.203125 0.2296875
7 0.10625 0.56484375 0.2125 0.2296875
2 0.6625 0.1234375 0.2109375 0.2171875
2 0.09921875 0.8171875 0.1984375 0.23125