2 0.23359375 0.90859375 0.2765625 0.1828125
5 0.4765625 0.875 0.278125 0.25
6 0.72265625 0.83046875 0.278125 0.2625
6 0.9109375 0.76171875 0.178125 0.2734375
6 0.41171875 0.64765625 0.2796875 0.2828125
6 0.6515625 0.5875 0.2859375 0.2921875
6 0.59140625 0.34609375 0.28125 0.278125
6 0.5296875 0.121875 0.284375 0.24375
2 0.171875 0.7109375 0.25625 0.259375
7 0.8828125 0.52734375 0.234375 0.2671875
2 0.353125 0.41171875 0.2671875 0.2703125
7 0.29296875 0.175 0.2796875 0.2796875
7 0.08828125 0.234375 0.1765625 0.259375
2 0.1265625 0.47421875 0.253125 0.2828125
2 0.834375 0.2796875 0.28125 0.278125
4 0.7640625 0.08515625 0.265625 0.1703125