5 0.90703125 0.18984375 0.1859375 0.2453125
5 0.68203125 0.15234375 0.2140625 0.2359375
5 0.42578125 0.11328125 0.2265625 0.2265625
5 0.1828125 0.0921875 0.221875 0.184375
5 0.653125 0.39296875 0.2453125 0.25625
5 0.115625 0.56953125 0.23125 0.2453125
6 0.884375 0.43515625 0.23125 0.2578125
6 0.1515625 0.32421875 0.2171875 0.2390625
5 0.5953125 0.64453125 0.2484375 0.246875
2 0.8078125 0.9046875 0.225 0.190625
2 0.56640625 0.88671875 0.2171875 0.2265625
4 0.3546875 0.60546875 0.2640625 0.253125
4 0.09453125 0.8203125 0.1890625 0.240625
2 0.3140625 0.84921875 0.2640625 0.2484375
6 0.8515625 0.68515625 0.2546875 0.2625
6 0.3921875 0.359375 0.2453125 0.240625