5 0.11796875 0.8765625 0.2140625 0.2265625
5 0.6375 0.88125 0.1796875 0.2265625
5 0.6359375 0.6265625 0.1953125 0.2265625
5 0.884375 0.378125 0.178125 0.2171875
5 0.1296875 0.3953125 0.190625 0.2078125
5 0.3828125 0.38203125 0.190625 0.2015625
2 0.1390625 0.63046875 0.1859375 0.2140625
7 0.1421875 0.140625 0.190625 0.2078125
5 0.6390625 0.384375 0.18125 0.209375
5 0.88203125 0.1390625 0.1828125 0.221875
4 0.40234375 0.8796875 0.1828125 0.2125
5 0.86875 0.8703125 0.146875 0.2
4 0.88046875 0.6296875 0.1828125 0.228125
6 0.39375 0.634375 0.209375 0.2078125
6 0.38359375 0.1234375 0.1734375 0.2171875
6 0.6390625 0.13203125 0.221875 0.2328125