4 0.12734375 0.1421875 0.1921875 0.18125
4 0.878125 0.13125 0.1953125 0.1875
7 0.11953125 0.64140625 0.1828125 0.2015625
7 0.6546875 0.3796875 0.18125 0.19375
7 0.884375 0.8828125 0.1640625 0.190625
7 0.40234375 0.8765625 0.1734375 0.2390625
5 0.3875 0.1234375 0.1625 0.2171875
5 0.6265625 0.13125 0.1640625 0.196875
2 0.4015625 0.39765625 0.165625 0.2015625
2 0.88359375 0.3734375 0.1703125 0.1875
6 0.14296875 0.38984375 0.1734375 0.1828125
6 0.3890625 0.63359375 0.178125 0.2046875
6 0.621875 0.6359375 0.1640625 0.1953125
6 0.88671875 0.634375 0.1703125 0.2
6 0.6375 0.8765625 0.190625 0.1953125
6 0.1546875 0.87734375 0.1953125 0.1734375