2 0.83671875 0.6796875 0.2265625 0.240625
2 0.1796875 0.08671875 0.246875 0.1734375
2 0.58828125 0.640625 0.2484375 0.24375
4 0.6375 0.4015625 0.25 0.259375
4 0.79765625 0.90390625 0.2078125 0.1921875
2 0.09375 0.8078125 0.1875 0.253125
4 0.55625 0.88515625 0.234375 0.2296875
4 0.875 0.43984375 0.25 0.2578125
5 0.3890625 0.33359375 0.240625 0.2515625
4 0.3203125 0.8625 0.2125 0.234375
6 0.340625 0.6078125 0.21875 0.2375
6 0.115625 0.55390625 0.23125 0.2421875
6 0.9015625 0.18828125 0.196875 0.2671875
7 0.13984375 0.3078125 0.2234375 0.2203125
7 0.42421875 0.1140625 0.2234375 0.228125
4 0.6796875 0.1484375 0.2453125 0.25