5 0.85859375 0.8859375 0.2296875 0.228125
5 0.60703125 0.8828125 0.2328125 0.2296875
6 0.6203125 0.628125 0.1921875 0.228125
6 0.34375 0.865625 0.2265625 0.259375
6 0.8953125 0.14296875 0.209375 0.2421875
6 0.86953125 0.39453125 0.1953125 0.25
2 0.103125 0.8546875 0.1890625 0.21875
2 0.12265625 0.59609375 0.2234375 0.23125
2 0.13203125 0.10859375 0.1890625 0.2171875
2 0.85859375 0.6421875 0.2015625 0.228125
4 0.6203125 0.3796875 0.1890625 0.225
7 0.36328125 0.35703125 0.2328125 0.2203125
6 0.63515625 0.125 0.2078125 0.209375
6 0.35625 0.61015625 0.2203125 0.228125
5 0.3828125 0.11953125 0.215625 0.2203125