4 0.1234375 0.1265625 0.246875 0.23125
4 0.37109375 0.371875 0.2140625 0.2171875
4 0.12109375 0.365625 0.2234375 0.2265625
6 0.63125 0.1265625 0.2265625 0.228125
6 0.87734375 0.1234375 0.2359375 0.228125
6 0.628125 0.628125 0.178125 0.1953125
6 0.8828125 0.38046875 0.21875 0.2015625
6 0.3796875 0.13046875 0.1859375 0.2234375
5 0.8765625 0.634375 0.2078125 0.196875
4 0.628125 0.39375 0.228125 0.190625
2 0.12890625 0.89296875 0.1703125 0.1828125
5 0.38671875 0.6203125 0.2046875 0.1953125
6 0.378125 0.8859375 0.196875 0.2265625
6 0.621875 0.88828125 0.1953125 0.2234375
7 0.89921875 0.89609375 0.1984375 0.2078125
2 0.1296875 0.6421875 0.24375 0.2078125