5 0.0859375 0.2203125 0.171875 0.25625
5 0.29375 0.165625 0.225 0.2453125
5 0.54609375 0.1140625 0.2390625 0.228125
5 0.78671875 0.084375 0.2328125 0.16875
5 0.33984375 0.40390625 0.2578125 0.26875
5 0.88359375 0.5421875 0.2328125 0.25625
6 0.11640625 0.4625 0.2328125 0.26875
6 0.8359375 0.30078125 0.2296875 0.2484375
5 0.41484375 0.6515625 0.259375 0.259375
2 0.221875 0.91171875 0.2375 0.1765625
2 0.46015625 0.8859375 0.2296875 0.228125
4 0.65234375 0.59453125 0.2765625 0.265625
4 0.9125 0.78984375 0.175 0.2515625
2 0.71015625 0.8359375 0.275 0.2609375
6 0.16171875 0.709375 0.26875 0.275
6 0.59765625 0.35234375 0.2578125 0.253125